-5.742363929748535
-3.4864351749420166
-3.4864351749420166
-3.6402485370635986
-3.9991464614868164
-4.358044147491455
-4.40931510925293
-4.665670871734619
-4.870755195617676
-5.2296528816223145
-4.614399433135986
-3.9478752613067627
-3.6915197372436523
-3.742790699005127
-3.9991464614868164
-5.486008644104004
-6.665244102478027
-3.9991464614868164
-3.6915197372436523
-3.5377063751220703
-3.9991464614868164
-4.4605865478515625
-4.152959823608398
-4.204230785369873
-4.101688385009766
-4.511857509613037
-3.9991464614868164
-3.4864351749420166
-3.28135085105896
-3.5377063751220703
-4.614399433135986
-6.203804016113281
-6.56270170211792
-4.204230785369873
-3.9478752613067627
-3.9478752613067627
-4.716941833496094
-5.024568557739258
-4.768212795257568
-4.4605865478515625
-4.255501747131348
-4.152959823608398
-3.8453330993652344
-3.4864351749420166
-3.2300796508789062
-3.28135085105896
-3.7940618991851807
-5.998719692230225
-6.716515064239502
-4.255501747131348
-3.896604061126709
-3.588977575302124
-4.204230785369873
-4.665670871734619
-4.511857509613037
-4.4605865478515625
-4.511857509613037
-4.614399433135986
-4.255501747131348
-3.742790699005127
-3.3326220512390137
-3.3838930130004883
-3.6402485370635986
-5.844906330108643
-6.408888339996338
-3.7940618991851807
-3.896604061126709
-4.3067731857299805
-5.2296528816223145
-5.998719692230225
-5.486008644104004
-4.870755195617676
-4.511857509613037
-4.768212795257568
-4.768212795257568
-4.3067731857299805
-3.9478752613067627
-3.7940618991851807
-3.9991464614868164
-5.998719692230225
-7.126683712005615
-4.614399433135986
-4.050417423248291
-4.101688385009766
-5.486008644104004
-6.767786026000977
-5.024568557739258
-4.40931510925293
-4.563128471374512
-4.40931510925293
-4.255501747131348
-3.742790699005127
-3.4864351749420166
-3.6915197372436523
-4.255501747131348
-6.3063459396362305
-6.819057464599609
-2.204657554626465
-1.9995732307434082
-1.8970309495925903
-2.307199716567993
-2.5635552406311035
-2.4097421169281006
-2.1533865928649902
-2.050844192504883
-2.1533865928649902
-2.461013078689575
-2.358470916748047
-2.358470916748047
-3.0249953269958496
-4.511857509613037
-6.972870349884033
-5.2296528816223145
-1.6919465065002441
-1.7432175874710083
-1.5894043445587158
-1.9995732307434082
-1.8457598686218262
-2.1021153926849365
-1.6919465065002441
-1.4355909824371338
-1.1792354583740234
-1.0254220962524414
-1.3843199014663696
-1.5381332635879517
-1.7432175874710083
-2.2559287548065186
-5.588550567626953
-5.17838191986084
-2.307199716567993
-1.9483020305633545
-2.1533865928649902
-2.7173686027526855
-1.6919465065002441
-1.8457598686218262
-1.5381332635879517
-1.3330488204956055
-1.486862063407898
-1.3330488204956055
-1.486862063407898
-1.8457598686218262
-2.050844192504883
-2.7686398029327393
-5.639822006225586
-6.203804016113281
-3.7940618991851807
-3.7940618991851807
-4.204230785369873
-4.614399433135986
-5.024568557739258
-4.92202615737915
-5.280923843383789
-5.280923843383789
-5.844906330108643
-5.3834662437438965
-4.973297595977783
-4.614399433135986
-4.563128471374512
-4.870755195617676
-6.203804016113281
-7.536852836608887
-3.896604061126709
-3.3838930130004883
-3.435164213180542
-4.3067731857299805
-4.819484233856201
-3.896604061126709
-3.9478752613067627
-3.896604061126709
-4.716941833496094
-4.614399433135986
-4.511857509613037
-4.152959823608398
-4.3067731857299805
-5.332195281982422
-7.075412750244141
-7.280497074127197
-4.614399433135986
-3.6915197372436523
-3.6402485370635986
-4.665670871734619
-4.665670871734619
-4.050417423248291
-3.742790699005127
-3.742790699005127
-4.050417423248291
-4.050417423248291
-4.050417423248291
-3.6402485370635986
-3.5377063751220703
-4.358044147491455
-6.56270170211792
-7.280497074127197
-4.204230785369873
-3.5377063751220703
-3.127537488937378
-3.6915197372436523
-3.9478752613067627
-3.5377063751220703
-4.152959823608398
-4.3067731857299805
-4.819484233856201
-4.716941833496094
-4.255501747131348
-3.6402485370635986
-3.3326220512390137
-4.255501747131348
-6.767786026000977
-6.767786026000977
-3.1788086891174316
-3.1788086891174316
-3.3838930130004883
-3.742790699005127
-4.614399433135986
-4.511857509613037
-4.716941833496094
-4.358044147491455
-5.024568557739258
-4.870755195617676
-4.3067731857299805
-3.8453330993652344
-3.5377063751220703
-4.4605865478515625
-6.4601593017578125
-8.04956340789795
-4.563128471374512
-4.050417423248291
-3.8453330993652344
-4.768212795257568
-6.56270170211792
-5.486008644104004
-4.716941833496094
-5.127110481262207
-5.3834662437438965
-4.973297595977783
-3.7940618991851807
-3.4864351749420166
-3.6915197372436523
-4.716941833496094
-6.6139726638793945
-7.024141788482666
-1.486862063407898
-1.1279643774032593
-1.0254220962524414
-1.2817776203155518
-1.7432175874710083
-1.3843199014663696
-1.794488787651062
-2.7173686027526855
-2.973724126815796
-3.127537488937378
-2.7173686027526855
-2.5635552406311035
-3.28135085105896
-5.2296528816223145
-7.485581398010254
-5.332195281982422
-1.0766932964324951
-0.9741510152816772
-1.0254220962524414
-1.5381332635879517
-0.7690666317939758
-0.82033771276474
-1.4355909824371338
-2.1533865928649902
-2.512284278869629
-2.204657554626465
-2.307199716567993
-1.794488787651062
-2.1533865928649902
-2.512284278869629
-5.844906330108643
-5.588550567626953
-1.9483020305633545
-1.64067542552948
-2.204657554626465
-3.0762665271759033
-0.9741510152816772
-0.9741510152816772
-1.64067542552948
-2.1021153926849365
-2.8711819648742676
-2.5635552406311035
-2.6148264408111572
-2.461013078689575
-2.461013078689575
-3.742790699005127
-6.665244102478027
-5.2296528816223145
-3.742790699005127
-3.8453330993652344
-3.9478752613067627
-4.050417423248291
-4.152959823608398
-4.204230785369873
-4.3067731857299805
-4.40931510925293
-4.3067731857299805
-3.9991464614868164
-3.742790699005127
-3.7940618991851807
-3.742790699005127
-3.9991464614868164
-5.075839519500732
-5.742363929748535
-4.3067731857299805
-4.152959823608398
-4.152959823608398
-4.358044147491455
-4.511857509613037
-4.40931510925293
-4.4605865478515625
-4.4605865478515625
-4.614399433135986
-4.358044147491455
-4.152959823608398
-4.255501747131348
-4.204230785369873
-4.40931510925293
-5.639822006225586
-5.844906330108643
-4.40931510925293
-4.3067731857299805
-4.358044147491455
-4.768212795257568
-4.870755195617676
-4.665670871734619
-4.716941833496094
-4.819484233856201
-4.819484233856201
-4.716941833496094
-4.511857509613037
-4.563128471374512
-4.511857509613037
-4.614399433135986
-5.742363929748535
-5.896177291870117
-4.4605865478515625
-4.358044147491455
-4.3067731857299805
-4.563128471374512
-4.614399433135986
-4.511857509613037
-4.665670871734619
-4.819484233856201
-4.870755195617676
-4.768212795257568
-4.614399433135986
-4.614399433135986
-4.40931510925293
-4.563128471374512
-5.639822006225586
-5.896177291870117
-4.40931510925293
-4.4605865478515625
-4.563128471374512
-4.870755195617676
-5.2296528816223145
-5.075839519500732
-5.024568557739258
-4.973297595977783
-5.075839519500732
-5.127110481262207
-4.92202615737915
-4.819484233856201
-4.563128471374512
-4.665670871734619
-5.742363929748535
-5.844906330108643
-4.3067731857299805
-4.101688385009766
-3.6915197372436523
-3.6915197372436523
-4.101688385009766
-3.896604061126709
-4.255501747131348
-4.768212795257568
-4.870755195617676
-4.870755195617676
-4.614399433135986
-4.4605865478515625
-4.511857509613037
-4.768212795257568
-5.79363489151001
-5.3834662437438965
-3.28135085105896
-2.9224531650543213
-2.5635552406311035
-2.4097421169281006
-2.512284278869629
-2.5635552406311035
-2.5635552406311035
-2.973724126815796
-3.6402485370635986
-3.9478752613067627
-3.896604061126709
-3.742790699005127
-3.9478752613067627
-4.40931510925293
-5.6910929679870605
-5.17838191986084
-3.127537488937378
-2.8711819648742676
-2.7173686027526855
-2.973724126815796
-2.973724126815796
-2.819911003112793
-2.461013078689575
-2.5635552406311035
-2.819911003112793
-3.127537488937378
-3.3326220512390137
-3.2300796508789062
-3.2300796508789062
-3.3838930130004883
-5.332195281982422
-5.024568557739258
-3.5377063751220703
-3.0762665271759033
-2.9224531650543213
-3.2300796508789062
-3.0249953269958496
-2.8711819648742676
-2.461013078689575
-2.512284278869629
-2.7686398029327393
-3.0249953269958496
-3.28135085105896
-3.4864351749420166
-3.4864351749420166
-3.7940618991851807
-5.280923843383789
-5.79363489151001
-3.6402485370635986
-4.050417423248291
-3.9991464614868164
-3.6915197372436523
-3.3838930130004883
-3.3838930130004883
-3.588977575302124
-4.050417423248291
-4.563128471374512
-4.152959823608398
-3.9478752613067627
-3.3838930130004883
-3.3326220512390137
-3.28135085105896
-5.2296528816223145
-6.101261615753174
-3.742790699005127
-4.152959823608398
-3.896604061126709
-3.3838930130004883
-2.7686398029327393
-2.819911003112793
-3.1788086891174316
-3.6402485370635986
-3.3838930130004883
-2.973724126815796
-2.6148264408111572
-2.4097421169281006
-2.7686398029327393
-4.050417423248291
-5.79363489151001
-6.255074977874756
-4.101688385009766
-4.358044147491455
-3.896604061126709
-3.6402485370635986
-2.8711819648742676
-2.9224531650543213
-3.3326220512390137
-3.4864351749420166
-3.3326220512390137
-2.973724126815796
-2.5635552406311035
-2.7686398029327393
-3.4864351749420166
-5.280923843383789
-6.870328426361084
-6.255074977874756
-4.101688385009766
-4.204230785369873
-3.8453330993652344
-3.6915197372436523
-3.435164213180542
-3.4864351749420166
-3.896604061126709
-4.152959823608398
-3.6915197372436523
-3.1788086891174316
-2.5635552406311035
-2.666097640991211
-3.0249953269958496
-4.40931510925293
-5.947448253631592
-6.511430740356445
-4.40931510925293
-4.255501747131348
-3.6915197372436523
-3.6915197372436523
-3.6915197372436523
-3.6402485370635986
-3.8453330993652344
-4.152959823608398
-3.7940618991851807
-3.3326220512390137
-2.666097640991211
-2.7173686027526855
-3.0249953269958496
-3.435164213180542
-5.6910929679870605
-6.819057464599609
-4.3067731857299805
-4.204230785369873
-3.896604061126709
-4.3067731857299805
-4.40931510925293
-4.050417423248291
-3.9991464614868164
-4.101688385009766
-4.3067731857299805
-3.8453330993652344
-3.3838930130004883
-3.7940618991851807
-4.152959823608398
-4.768212795257568
-6.921599388122559
-6.511430740356445
-2.666097640991211
-2.307199716567993
-2.358470916748047
-2.8711819648742676
-2.2559287548065186
-2.1533865928649902
-2.461013078689575
-2.358470916748047
-2.1021153926849365
-2.1021153926849365
-1.7432175874710083
-2.358470916748047
-3.0762665271759033
-4.050417423248291
-6.921599388122559
-5.844906330108643
-2.050844192504883
-1.9995732307434082
-2.204657554626465
-2.461013078689575
-1.5381332635879517
-1.2305065393447876
-1.486862063407898
-1.2817776203155518
-0.9741510152816772
-1.0254220962524414
-0.8716087937355042
-1.2305065393447876
-1.7432175874710083
-2.1021153926849365
-5.486008644104004
-5.5372796058654785
-2.4097421169281006
-2.050844192504883
-2.1021153926849365
-2.204657554626465
-1.6919465065002441
-1.794488787651062
-1.9995732307434082
-2.307199716567993
-1.9995732307434082
-2.050844192504883
-1.794488787651062
-1.9483020305633545
-2.1533865928649902
-2.666097640991211
-5.280923843383789
-6.511430740356445
-3.4864351749420166
-3.6402485370635986
-3.8453330993652344
-3.896604061126709
-3.588977575302124
-3.588977575302124
-4.050417423248291
-4.358044147491455
-4.819484233856201
-4.4605865478515625
-4.4605865478515625
-3.9478752613067627
-3.9478752613067627
-4.152959823608398
-6.101261615753174
-6.56270170211792
-2.8711819648742676
-2.8711819648742676
-3.0762665271759033
-2.9224531650543213
-2.7173686027526855
-2.819911003112793
-3.3326220512390137
-3.8453330993652344
-3.6402485370635986
-3.4864351749420166
-3.28135085105896
-3.127537488937378
-3.435164213180542
-4.716941833496094
-6.56270170211792
-6.408888339996338
-2.9224531650543213
-2.8711819648742676
-2.819911003112793
-2.666097640991211
-2.204657554626465
-2.204657554626465
-2.819911003112793
-3.588977575302124
-3.435164213180542
-3.3326220512390137
-3.0762665271759033
-3.435164213180542
-4.050417423248291
-5.639822006225586
-7.485581398010254
-6.4601593017578125
-2.7173686027526855
-2.7173686027526855
-2.666097640991211
-2.6148264408111572
-2.5635552406311035
-2.6148264408111572
-3.742790699005127
-4.716941833496094
-4.152959823608398
-3.9478752613067627
-3.1788086891174316
-3.435164213180542
-3.435164213180542
-4.614399433135986
-6.357617378234863
-6.357617378234863
-3.0762665271759033
-2.7686398029327393
-2.512284278869629
-2.4097421169281006
-2.461013078689575
-2.512284278869629
-3.1788086891174316
-4.4605865478515625
-4.204230785369873
-3.742790699005127
-3.28135085105896
-3.3326220512390137
-3.127537488937378
-3.4864351749420166
-5.844906330108643
-7.588123798370361
-3.9991464614868164
-3.4864351749420166
-3.1788086891174316
-3.5377063751220703
-4.204230785369873
-3.8453330993652344
-4.101688385009766
-5.127110481262207
-5.127110481262207
-4.92202615737915
-3.896604061126709
-4.101688385009766
-3.9991464614868164
-4.716941833496094
-7.229226112365723
-6.972870349884033
-2.2559287548065186
-1.64067542552948
-1.6919465065002441
-1.8457598686218262
-2.1533865928649902
-1.9995732307434082
-2.358470916748047
-3.0762665271759033
-3.0249953269958496
-2.819911003112793
-2.461013078689575
-2.819911003112793
-2.666097640991211
-3.8453330993652344
-7.280497074127197
-6.3063459396362305
-1.7432175874710083
-1.3330488204956055
-1.4355909824371338
-1.8457598686218262
-1.8970309495925903
-1.64067542552948
-1.7432175874710083
-2.204657554626465
-2.2559287548065186
-2.1021153926849365
-1.6919465065002441
-1.8457598686218262
-1.6919465065002441
-1.5894043445587158
-5.332195281982422
-6.255074977874756
-2.307199716567993
-1.6919465065002441
-1.8457598686218262
-2.307199716567993
-2.204657554626465
-2.2559287548065186
-2.5635552406311035
-3.127537488937378
-3.0762665271759033
-2.8711819648742676
-2.461013078689575
-2.5635552406311035
-2.4097421169281006
-2.7686398029327393
-5.844906330108643
-5.127110481262207
-3.7940618991851807
-3.7940618991851807
-3.8453330993652344
-3.742790699005127
-3.588977575302124
-3.5377063751220703
-3.6915197372436523
-3.8453330993652344
-4.050417423248291
-3.7940618991851807
-3.7940618991851807
-3.588977575302124
-3.28135085105896
-3.4864351749420166
-4.92202615737915
-5.5372796058654785
-4.152959823608398
-4.255501747131348
-4.101688385009766
-3.9991464614868164
-3.6915197372436523
-3.6915197372436523
-3.7940618991851807
-3.896604061126709
-4.101688385009766
-3.9478752613067627
-3.7940618991851807
-3.742790699005127
-3.742790699005127
-3.9991464614868164
-5.434737205505371
-5.79363489151001
-4.563128471374512
-4.4605865478515625
-4.152959823608398
-4.204230785369873
-3.896604061126709
-3.9478752613067627
-4.152959823608398
-4.204230785369873
-4.3067731857299805
-4.255501747131348
-4.050417423248291
-4.152959823608398
-4.204230785369873
-4.819484233856201
-5.79363489151001
-5.742363929748535
-4.563128471374512
-4.4605865478515625
-4.152959823608398
-4.101688385009766
-3.9991464614868164
-4.050417423248291
-4.204230785369873
-4.358044147491455
-4.3067731857299805
-4.3067731857299805
-4.050417423248291
-4.204230785369873
-4.204230785369873
-4.768212795257568
-5.742363929748535
-5.947448253631592
-4.614399433135986
-4.563128471374512
-4.3067731857299805
-4.3067731857299805
-4.3067731857299805
-4.3067731857299805
-4.40931510925293
-4.511857509613037
-4.511857509613037
-4.563128471374512
-4.204230785369873
-4.3067731857299805
-4.204230785369873
-4.563128471374512
-5.639822006225586
-5.639822006225586
-4.050417423248291
-3.896604061126709
-3.742790699005127
-3.9991464614868164
-4.204230785369873
-4.255501747131348
-4.358044147491455
-4.358044147491455
-4.358044147491455
-4.511857509613037
-4.204230785369873
-4.358044147491455
-4.511857509613037
-4.973297595977783
-6.152533054351807
-5.3834662437438965
-3.435164213180542
-3.1788086891174316
-3.2300796508789062
-3.28135085105896
-3.127537488937378
-3.1788086891174316
-3.3838930130004883
-3.3838930130004883
-3.4864351749420166
-3.8453330993652344
-3.6402485370635986
-3.742790699005127
-3.896604061126709
-4.40931510925293
-5.742363929748535
-5.486008644104004
-3.28135085105896
-3.2300796508789062
-3.2300796508789062
-3.28135085105896
-3.0762665271759033
-3.0762665271759033
-3.127537488937378
-3.127537488937378
-3.2300796508789062
-3.4864351749420166
-3.28135085105896
-3.2300796508789062
-3.28135085105896
-3.435164213180542
-5.280923843383789
-5.127110481262207
-3.6402485370635986
-3.28135085105896
-3.3838930130004883
-3.3326220512390137
-3.2300796508789062
-3.3838930130004883
-3.5377063751220703
-3.742790699005127
-3.7940618991851807
-3.8453330993652344
-3.6915197372436523
-3.742790699005127
-3.6402485370635986
-4.050417423248291
-5.2296528816223145
-5.79363489151001
-3.28135085105896
-3.742790699005127
-3.4864351749420166
-3.4864351749420166
-3.6402485370635986
-3.9991464614868164
-4.716941833496094
-5.3834662437438965
-5.5372796058654785
-4.716941833496094
-4.614399433135986
-3.7940618991851807
-3.3326220512390137
-3.2300796508789062
-5.3834662437438965
-6.3063459396362305
-3.896604061126709
-3.8453330993652344
-3.0249953269958496
-2.6148264408111572
-2.307199716567993
-2.461013078689575
-2.666097640991211
-3.28135085105896
-3.588977575302124
-3.5377063751220703
-3.127537488937378
-3.0249953269958496
-3.0249953269958496
-3.7940618991851807
-5.998719692230225
-6.6139726638793945
-4.40931510925293
-4.358044147491455
-3.6402485370635986
-3.28135085105896
-2.7173686027526855
-2.7173686027526855
-2.7686398029327393
-3.28135085105896
-3.7940618991851807
-3.6402485370635986
-2.973724126815796
-3.0762665271759033
-3.3326220512390137
-3.896604061126709
-6.255074977874756
-6.4601593017578125
-4.152959823608398
-4.050417423248291
-3.3838930130004883
-3.3838930130004883
-3.0249953269958496
-3.0249953269958496
-2.973724126815796
-3.435164213180542
-3.9478752613067627
-3.9478752613067627
-3.3326220512390137
-3.28135085105896
-3.3326220512390137
-4.152959823608398
-6.255074977874756
-6.152533054351807
-3.588977575302124
-3.6402485370635986
-3.1788086891174316
-3.742790699005127
-3.588977575302124
-3.4864351749420166
-3.1788086891174316
-3.28135085105896
-3.742790699005127
-3.588977575302124
-3.0249953269958496
-3.127537488937378
-2.8711819648742676
-3.2300796508789062
-6.152533054351807
-6.203804016113281
-3.435164213180542
-3.4864351749420166
-3.2300796508789062
-3.0249953269958496
-2.5635552406311035
-2.512284278869629
-2.204657554626465
-2.512284278869629
-2.6148264408111572
-2.6148264408111572
-2.307199716567993
-2.8711819648742676
-2.307199716567993
-2.7686398029327393
-6.049990653991699
-6.511430740356445
-3.5377063751220703
-3.0762665271759033
-2.5635552406311035
-1.9483020305633545
-1.2817776203155518
-1.5381332635879517
-1.2305065393447876
-1.3843199014663696
-0.9741510152816772
-1.1279643774032593
-0.9228799343109131
-1.5894043445587158
-2.1021153926849365
-2.358470916748047
-6.3063459396362305
-6.152533054351807
-3.588977575302124
-3.0762665271759033
-2.4097421169281006
-2.307199716567993
-2.4097421169281006
-3.3326220512390137
-2.8711819648742676
-2.6148264408111572
-1.8457598686218262
-1.7432175874710083
-1.1792354583740234
-1.3843199014663696
-2.1021153926849365
-2.358470916748047
-6.152533054351807
-5.742363929748535
-3.588977575302124
-3.3326220512390137
-2.7686398029327393
-2.9224531650543213
-3.127537488937378
-3.742790699005127
-3.7940618991851807
-3.435164213180542
-2.7173686027526855
-2.4097421169281006
-1.9995732307434082
-1.794488787651062
-2.4097421169281006
-2.9224531650543213
-5.588550567626953
-6.511430740356445
-3.127537488937378
-3.5377063751220703
-3.4864351749420166
-3.7940618991851807
-3.7940618991851807
-4.255501747131348
-4.92202615737915
-5.332195281982422
-5.79363489151001
-5.5372796058654785
-5.434737205505371
-4.563128471374512
-4.050417423248291
-3.896604061126709
-6.049990653991699
-6.716515064239502
-3.2300796508789062
-2.9224531650543213
-2.512284278869629
-2.358470916748047
-2.358470916748047
-2.7173686027526855
-3.3326220512390137
-3.8453330993652344
-4.40931510925293
-4.511857509613037
-4.4605865478515625
-3.8453330993652344
-3.2300796508789062
-3.9478752613067627
-6.56270170211792
-6.819057464599609
-3.4864351749420166
-3.0762665271759033
-2.7686398029327393
-2.666097640991211
-2.6148264408111572
-2.819911003112793
-3.28135085105896
-3.9478752613067627
-4.40931510925293
-4.358044147491455
-3.6915197372436523
-3.4864351749420166
-3.1788086891174316
-3.742790699005127
-6.716515064239502
-6.6139726638793945
-2.9224531650543213
-2.7173686027526855
-2.461013078689575
-2.7173686027526855
-2.8711819648742676
-3.0762665271759033
-3.6915197372436523
-4.3067731857299805
-4.870755195617676
-5.2296528816223145
-4.358044147491455
-3.7940618991851807
-3.3326220512390137
-4.3067731857299805
-6.870328426361084
-5.6910929679870605
-2.358470916748047
-2.2559287548065186
-2.204657554626465
-2.9224531650543213
-3.5377063751220703
-3.4864351749420166
-3.7940618991851807
-3.896604061126709
-4.255501747131348
-4.3067731857299805
-3.5377063751220703
-3.4864351749420166
-2.7686398029327393
-3.742790699005127
-6.870328426361084
-6.152533054351807
-2.2559287548065186
-2.050844192504883
-2.1533865928649902
-2.512284278869629
-2.6148264408111572
-2.666097640991211
-2.358470916748047
-2.7173686027526855
-2.8711819648742676
-2.973724126815796
-2.819911003112793
-3.28135085105896
-2.050844192504883
-3.127537488937378
-6.767786026000977
-6.819057464599609
-2.307199716567993
-1.7432175874710083
-1.8457598686218262
-1.9995732307434082
-1.64067542552948
-1.9483020305633545
-1.3330488204956055
-1.7432175874710083
-1.64067542552948
-1.7432175874710083
-1.6919465065002441
-2.307199716567993
-1.7432175874710083
-2.307199716567993
-7.280497074127197
-5.998719692230225
-2.1533865928649902
-1.8457598686218262
-2.2559287548065186
-2.512284278869629
-2.666097640991211
-3.896604061126709
-2.7173686027526855
-2.7173686027526855
-2.358470916748047
-2.2559287548065186
-1.794488787651062
-2.050844192504883
-2.050844192504883
-2.1533865928649902
-6.921599388122559
-5.79363489151001
-2.666097640991211
-2.9224531650543213
-3.127537488937378
-3.435164213180542
-3.5377063751220703
-3.9991464614868164
-3.896604061126709
-3.6402485370635986
-3.3326220512390137
-3.0249953269958496
-2.6148264408111572
-2.512284278869629
-2.666097640991211
-3.3326220512390137
-6.4601593017578125
-5.127110481262207
-4.050417423248291
-3.896604061126709
-3.7940618991851807
-3.6402485370635986
-3.5377063751220703
-3.6402485370635986
-3.742790699005127
-3.896604061126709
-3.9991464614868164
-3.896604061126709
-3.6402485370635986
-3.588977575302124
-3.28135085105896
-3.2300796508789062
-4.563128471374512
-5.6910929679870605
-4.358044147491455
-4.3067731857299805
-3.9478752613067627
-3.742790699005127
-3.5377063751220703
-3.6402485370635986
-3.6402485370635986
-3.8453330993652344
-4.152959823608398
-4.101688385009766
-3.896604061126709
-3.9478752613067627
-3.6915197372436523
-3.7940618991851807
-5.280923843383789
-5.896177291870117
-4.768212795257568
-4.563128471374512
-4.204230785369873
-4.101688385009766
-3.896604061126709
-3.9478752613067627
-3.9478752613067627
-4.101688385009766
-4.40931510925293
-4.358044147491455
-4.152959823608398
-4.3067731857299805
-4.204230785369873
-4.3067731857299805
-5.639822006225586
-5.844906330108643
-4.614399433135986
-4.40931510925293
-3.9991464614868164
-4.101688385009766
-4.050417423248291
-4.152959823608398
-4.101688385009766
-4.204230785369873
-4.4605865478515625
-4.511857509613037
-4.3067731857299805
-4.358044147491455
-4.152959823608398
-4.511857509613037
-5.742363929748535
-5.6910929679870605
-4.3067731857299805
-4.204230785369873
-3.9991464614868164
-4.358044147491455
-4.358044147491455
-4.40931510925293
-4.152959823608398
-4.255501747131348
-4.563128471374512
-4.511857509613037
-4.3067731857299805
-4.255501747131348
-3.896604061126709
-4.358044147491455
-5.6910929679870605
-5.588550567626953
-4.255501747131348
-4.050417423248291
-3.9478752613067627
-3.9478752613067627
-3.9991464614868164
-3.9478752613067627
-3.5377063751220703
-3.742790699005127
-3.9991464614868164
-4.204230785369873
-3.896604061126709
-3.896604061126709
-3.588977575302124
-4.050417423248291
-5.639822006225586
-5.639822006225586
-3.9991464614868164
-3.6402485370635986
-3.3326220512390137
-3.2300796508789062
-3.2300796508789062
-3.3838930130004883
-3.127537488937378
-3.0762665271759033
-3.0762665271759033
-3.3326220512390137
-3.1788086891174316
-3.2300796508789062
-3.3326220512390137
-3.7940618991851807
-5.6910929679870605
-5.6910929679870605
-3.8453330993652344
-3.588977575302124
-3.3838930130004883
-3.5377063751220703
-3.6915197372436523
-4.101688385009766
-3.896604061126709
-3.7940618991851807
-3.6915197372436523
-3.6915197372436523
-3.3838930130004883
-3.2300796508789062
-3.2300796508789062
-3.4864351749420166
-5.588550567626953
-5.2296528816223145
-3.8453330993652344
-3.8453330993652344
-3.6915197372436523
-3.896604061126709
-4.101688385009766
-4.511857509613037
-4.4605865478515625
-4.204230785369873
-3.9991464614868164
-3.896604061126709
-3.6402485370635986
-3.3838930130004883
-3.5377063751220703
-3.9991464614868164
-5.332195281982422
-5.79363489151001
-3.5377063751220703
-3.9478752613067627
-3.9991464614868164
-3.8453330993652344
-3.6915197372436523
-3.8453330993652344
-3.6915197372436523
-3.435164213180542
-3.896604061126709
-3.6915197372436523
-3.896604061126709
-3.435164213180542
-3.0762665271759033
-3.4864351749420166
-5.742363929748535
-6.255074977874756
-3.6915197372436523
-3.6402485370635986
-3.1788086891174316
-2.819911003112793
-2.819911003112793
-2.9224531650543213
-2.4097421169281006
-1.794488787651062
-1.9995732307434082
-2.1533865928649902
-1.9995732307434082
-2.2559287548065186
-2.512284278869629
-3.588977575302124
-5.998719692230225
-6.3063459396362305
-3.9991464614868164
-3.7940618991851807
-3.1788086891174316
-3.0249953269958496
-3.1788086891174316
-3.3838930130004883
-3.2300796508789062
-2.666097640991211
-2.9224531650543213
-2.819911003112793
-2.461013078689575
-2.666097640991211
-3.0249953269958496
-4.050417423248291
-6.152533054351807
-6.255074977874756
-4.050417423248291
-3.7940618991851807
-3.127537488937378
-3.0249953269958496
-3.127537488937378
-3.0249953269958496
-2.4097421169281006
-1.8457598686218262
-2.1533865928649902
-2.1533865928649902
-1.8457598686218262
-2.204657554626465
-2.358470916748047
-3.6915197372436523
-5.947448253631592
-6.3063459396362305
-3.7940618991851807
-3.6402485370635986
-3.1788086891174316
-2.973724126815796
-3.127537488937378
-3.1788086891174316
-2.5635552406311035
-1.9995732307434082
-2.973724126815796
-3.3326220512390137
-3.2300796508789062
-3.6915197372436523
-3.2300796508789062
-3.9991464614868164
-6.56270170211792
-6.4601593017578125
-3.5377063751220703
-3.588977575302124
-3.3838930130004883
-2.512284278869629
-2.4097421169281006
-2.050844192504883
-0.8716087937355042
-0.8716087937355042
-1.5894043445587158
-1.7432175874710083
-1.5894043445587158
-2.358470916748047
-2.666097640991211
-3.588977575302124
-6.819057464599609
-6.255074977874756
-2.7686398029327393
-3.127537488937378
-2.6148264408111572
-1.9483020305633545
-1.8457598686218262
-1.9483020305633545
-0.82033771276474
-0.6152532696723938
-1.3843199014663696
-1.1792354583740234
-1.0254220962524414
-1.5894043445587158
-2.2559287548065186
-2.7686398029327393
-6.767786026000977
-6.152533054351807
-2.973724126815796
-3.127537488937378
-2.5635552406311035
-2.050844192504883
-1.8970309495925903
-1.794488787651062
-0.8716087937355042
-0.6152532696723938
-1.2305065393447876
-1.2305065393447876
-1.1792354583740234
-1.5894043445587158
-2.1021153926849365
-2.512284278869629
-5.844906330108643
-5.896177291870117
-3.6402485370635986
-3.1788086891174316
-2.666097640991211
-2.307199716567993
-2.1021153926849365
-2.358470916748047
-1.8970309495925903
-1.5894043445587158
-1.7432175874710083
-1.6919465065002441
-1.4355909824371338
-1.5381332635879517
-2.050844192504883
-2.2559287548065186
-5.2296528816223145
-6.3063459396362305
-3.5377063751220703
-3.6915197372436523
-3.7940618991851807
-3.9991464614868164
-3.9991464614868164
-3.9991464614868164
-3.9991464614868164
-3.7940618991851807
-4.152959823608398
-4.152959823608398
-3.7940618991851807
-3.28135085105896
-2.973724126815796
-3.1788086891174316
-6.203804016113281
-6.56270170211792
-3.127537488937378
-2.7173686027526855
-2.461013078689575
-2.307199716567993
-2.5635552406311035
-2.9224531650543213
-3.1788086891174316
-2.8711819648742676
-2.9224531650543213
-2.7686398029327393
-2.512284278869629
-2.4097421169281006
-1.9483020305633545
-2.7686398029327393
-6.408888339996338
-6.56270170211792
-3.0249953269958496
-2.6148264408111572
-2.2559287548065186
-2.2559287548065186
-2.461013078689575
-3.0249953269958496
-3.5377063751220703
-3.3838930130004883
-3.5377063751220703
-3.28135085105896
-2.9224531650543213
-2.819911003112793
-2.204657554626465
-3.1788086891174316
-6.408888339996338
-6.4601593017578125
-2.9224531650543213
-2.4097421169281006
-1.9995732307434082
-2.050844192504883
-2.2559287548065186
-2.7173686027526855
-2.8711819648742676
-2.6148264408111572
-2.973724126815796
-2.8711819648742676
-2.666097640991211
-2.6148264408111572
-2.204657554626465
-3.6915197372436523
-6.255074977874756
-6.152533054351807
-2.666097640991211
-2.1021153926849365
-1.8457598686218262
-2.050844192504883
-2.666097640991211
-3.435164213180542
-3.435164213180542
-3.28135085105896
-3.8453330993652344
-3.7940618991851807
-3.6915197372436523
-3.742790699005127
-2.9224531650543213
-3.9991464614868164
-6.819057464599609
-6.716515064239502
-2.461013078689575
-2.1533865928649902
-2.358470916748047
-2.4097421169281006
-2.666097640991211
-2.973724126815796
-2.5635552406311035
-2.8711819648742676
-3.127537488937378
-2.7686398029327393
-2.819911003112793
-3.0249953269958496
-2.307199716567993
-3.0762665271759033
-7.075412750244141
-6.408888339996338
-1.7432175874710083
-1.5381332635879517
-2.461013078689575
-2.358470916748047
-2.358470916748047
-2.819911003112793
-2.666097640991211
-2.8711819648742676
-3.1788086891174316
-2.358470916748047
-2.461013078689575
-2.6148264408111572
-1.7432175874710083
-1.9995732307434082
-6.819057464599609
-6.049990653991699
-1.794488787651062
-1.9483020305633545
-2.512284278869629
-2.307199716567993
-2.2559287548065186
-2.512284278869629
-2.461013078689575
-2.5635552406311035
-2.8711819648742676
-2.512284278869629
-2.4097421169281006
-2.6148264408111572
-1.7432175874710083
-1.794488787651062
-6.357617378234863
-6.049990653991699
-2.819911003112793
-2.7173686027526855
-2.819911003112793
-2.6148264408111572
-2.512284278869629
-2.9224531650543213
-3.0249953269958496
-2.9224531650543213
-2.9224531650543213
-2.666097640991211
-2.4097421169281006
-2.512284278869629
-2.461013078689575
-2.2559287548065186
-5.998719692230225
-5.127110481262207
-3.9991464614868164
-3.8453330993652344
-3.742790699005127
-3.6402485370635986
-3.588977575302124
-3.588977575302124
-3.28135085105896
-3.1788086891174316
-3.435164213180542
-3.588977575302124
-3.3326220512390137
-3.28135085105896
-3.1788086891174316
-3.3326220512390137
-4.768212795257568
-5.639822006225586
-4.40931510925293
-4.152959823608398
-3.7940618991851807
-3.6915197372436523
-3.6915197372436523
-3.7940618991851807
-3.5377063751220703
-3.3838930130004883
-3.5377063751220703
-3.6915197372436523
-3.3838930130004883
-3.3838930130004883
-3.28135085105896
-3.896604061126709
-5.3834662437438965
-5.844906330108643
-4.768212795257568
-4.358044147491455
-3.896604061126709
-3.8453330993652344
-4.050417423248291
-4.204230785369873
-4.152959823608398
-4.101688385009766
-4.204230785369873
-4.255501747131348
-3.896604061126709
-3.896604061126709
-3.9478752613067627
-4.614399433135986
-5.742363929748535
-5.896177291870117
-4.716941833496094
-4.255501747131348
-3.8453330993652344
-3.7940618991851807
-3.9991464614868164
-4.050417423248291
-3.9478752613067627
-3.7940618991851807
-4.050417423248291
-4.101688385009766
-3.7940618991851807
-3.8453330993652344
-3.7940618991851807
-4.665670871734619
-5.79363489151001
-5.844906330108643
-4.40931510925293
-4.101688385009766
-3.742790699005127
-3.742790699005127
-4.152959823608398
-4.358044147491455
-4.255501747131348
-4.255501747131348
-4.511857509613037
-4.768212795257568
-4.511857509613037
-4.511857509613037
-4.204230785369873
-4.614399433135986
-5.998719692230225
-5.639822006225586
-3.8453330993652344
-3.5377063751220703
-3.2300796508789062
-3.127537488937378
-3.435164213180542
-3.1788086891174316
-2.819911003112793
-2.5635552406311035
-2.8711819648742676
-3.28135085105896
-3.0762665271759033
-3.2300796508789062
-3.3326220512390137
-3.9991464614868164
-5.588550567626953
-5.486008644104004
-3.3326220512390137
-3.28135085105896
-3.0249953269958496
-2.973724126815796
-3.1788086891174316
-3.1788086891174316
-2.973724126815796
-2.8711819648742676
-3.127537488937378
-3.1788086891174316
-3.0762665271759033
-3.0249953269958496
-3.127537488937378
-3.1788086891174316
-5.332195281982422
-5.588550567626953
-3.3326220512390137
-3.28135085105896
-3.3326220512390137
-3.28135085105896
-3.3326220512390137
-3.3326220512390137
-3.2300796508789062
-3.2300796508789062
-3.3326220512390137
-3.3838930130004883
-3.2300796508789062
-3.0762665271759033
-3.0762665271759033
-3.127537488937378
-5.17838191986084
-5.3834662437438965
-3.9478752613067627
-3.6915197372436523
-3.5377063751220703
-3.435164213180542
-3.3326220512390137
-3.435164213180542
-3.435164213180542
-3.3838930130004883
-3.435164213180542
-3.3326220512390137
-3.0762665271759033
-2.666097640991211
-2.9224531650543213
-3.127537488937378
-4.716941833496094
-5.486008644104004
-3.3838930130004883
-3.9478752613067627
-3.9991464614868164
-3.896604061126709
-3.588977575302124
-3.4864351749420166
-3.435164213180542
-3.4864351749420166
-3.588977575302124
-3.7940618991851807
-4.050417423248291
-3.435164213180542
-3.3838930130004883
-4.40931510925293
-5.844906330108643
-6.101261615753174
-3.5377063751220703
-3.6915197372436523
-3.435164213180542
-2.8711819648742676
-2.7173686027526855
-2.666097640991211
-2.307199716567993
-1.9995732307434082
-1.8457598686218262
-2.1533865928649902
-2.050844192504883
-2.307199716567993
-2.7686398029327393
-4.204230785369873
-5.947448253631592
-6.408888339996338
-4.101688385009766
-3.9991464614868164
-3.588977575302124
-3.3326220512390137
-3.3326220512390137
-3.2300796508789062
-3.127537488937378
-2.666097640991211
-2.4097421169281006
-2.512284278869629
-2.358470916748047
-2.666097640991211
-3.2300796508789062
-4.204230785369873
-6.049990653991699
-6.152533054351807
-3.8453330993652344
-3.5377063751220703
-2.973724126815796
-2.819911003112793
-3.0249953269958496
-2.8711819648742676
-2.7686398029327393
-2.7686398029327393
-2.307199716567993
-2.512284278869629
-2.358470916748047
-2.666097640991211
-3.127537488937378
-4.050417423248291
-5.844906330108643
-6.408888339996338
-4.255501747131348
-4.050417423248291
-3.4864351749420166
-3.6402485370635986
-3.9478752613067627
-3.9991464614868164
-3.6915197372436523
-3.7940618991851807
-3.8453330993652344
-3.9478752613067627
-3.5377063751220703
-3.4864351749420166
-3.6915197372436523
-4.563128471374512
-6.357617378234863
-6.870328426361084
-4.614399433135986
-4.358044147491455
-3.6402485370635986
-3.5377063751220703
-3.3838930130004883
-3.0249953269958496
-2.307199716567993
-1.8970309495925903
-2.358470916748047
-2.7686398029327393
-2.9224531650543213
-2.973724126815796
-3.3838930130004883
-4.665670871734619
-6.767786026000977
-5.844906330108643
-2.819911003112793
-2.9224531650543213
-2.461013078689575
-2.2559287548065186
-2.050844192504883
-1.7432175874710083
-1.1792354583740234
-0.82033771276474
-1.0254220962524414
-1.3330488204956055
-1.5894043445587158
-2.1021153926849365
-2.512284278869629
-3.3838930130004883
-6.152533054351807
-6.049990653991699
-3.4864351749420166
-3.4864351749420166
-2.9224531650543213
-3.0762665271759033
-2.9224531650543213
-2.819911003112793
-2.4097421169281006
-1.9483020305633545
-1.7432175874710083
-1.794488787651062
-1.7432175874710083
-1.794488787651062
-2.2559287548065186
-2.8711819648742676
-5.79363489151001
-5.844906330108643
-3.8453330993652344
-3.8453330993652344
-3.3838930130004883
-3.435164213180542
-3.3838930130004883
-3.435164213180542
-3.2300796508789062
-3.127537488937378
-2.7173686027526855
-2.461013078689575
-2.204657554626465
-2.1021153926849365
-2.6148264408111572
-3.127537488937378
-5.5372796058654785
-6.152533054351807
-3.127537488937378
-3.6402485370635986
-3.9478752613067627
-4.152959823608398
-3.9991464614868164
-3.8453330993652344
-3.896604061126709
-3.9478752613067627
-3.896604061126709
-4.204230785369873
-3.896604061126709
-3.2300796508789062
-3.0762665271759033
-3.896604061126709
-6.357617378234863
-6.665244102478027
-2.8711819648742676
-2.7686398029327393
-2.666097640991211
-2.461013078689575
-2.819911003112793
-2.9224531650543213
-3.3326220512390137
-3.0249953269958496
-2.6148264408111572
-2.666097640991211
-2.358470916748047
-2.204657554626465
-1.8970309495925903
-3.3838930130004883
-6.255074977874756
-6.716515064239502
-3.127537488937378
-2.7686398029327393
-2.666097640991211
-2.512284278869629
-2.7173686027526855
-2.9224531650543213
-3.588977575302124
-3.3326220512390137
-3.127537488937378
-3.0762665271759033
-2.7686398029327393
-2.6148264408111572
-2.050844192504883
-3.127537488937378
-5.896177291870117
-6.408888339996338
-2.8711819648742676
-2.4097421169281006
-2.1533865928649902
-1.9995732307434082
-2.204657554626465
-2.512284278869629
-2.973724126815796
-3.2300796508789062
-3.127537488937378
-3.127537488937378
-2.8711819648742676
-2.819911003112793
-2.358470916748047
-3.28135085105896
-5.947448253631592
-6.56270170211792
-3.2300796508789062
-2.9224531650543213
-2.512284278869629
-2.666097640991211
-3.2300796508789062
-3.7940618991851807
-3.9991464614868164
-4.152959823608398
-4.40931510925293
-4.358044147491455
-3.896604061126709
-3.5377063751220703
-3.127537488937378
-4.152959823608398
-6.357617378234863
-7.434310436248779
-3.6915197372436523
-2.973724126815796
-2.461013078689575
-2.666097640991211
-3.0249953269958496
-3.127537488937378
-2.9224531650543213
-2.973724126815796
-3.3326220512390137
-3.5377063751220703
-3.4864351749420166
-3.3838930130004883
-3.1788086891174316
-4.204230785369873
-6.921599388122559
-5.998719692230225
-1.8970309495925903
-1.64067542552948
-1.486862063407898
-1.7432175874710083
-2.1021153926849365
-2.1021153926849365
-2.307199716567993
-2.307199716567993
-2.5635552406311035
-2.512284278869629
-2.6148264408111572
-2.666097640991211
-2.461013078689575
-2.973724126815796
-6.357617378234863
-6.101261615753174
-2.512284278869629
-2.2559287548065186
-2.1533865928649902
-2.512284278869629
-2.666097640991211
-2.8711819648742676
-3.127537488937378
-3.127537488937378
-3.0249953269958496
-2.973724126815796
-2.512284278869629
-2.307199716567993
-2.2559287548065186
-2.4097421169281006
-6.152533054351807
-5.998719692230225
-3.1788086891174316
-3.1788086891174316
-3.1788086891174316
-3.3326220512390137
-3.2300796508789062
-3.435164213180542
-3.742790699005127
-3.9478752613067627
-3.588977575302124
-3.28135085105896
-2.8711819648742676
-2.6148264408111572
-2.7686398029327393
-3.6915197372436523
-6.3063459396362305
-5.075839519500732
-3.9991464614868164
-3.9478752613067627
-3.7940618991851807
-3.6915197372436523
-3.4864351749420166
-3.2300796508789062
-2.973724126815796
-3.0249953269958496
-3.28135085105896
-3.5377063751220703
-3.3838930130004883
-3.3326220512390137
-3.28135085105896
-3.6915197372436523
-4.870755195617676
-5.588550567626953
-4.255501747131348
-4.204230785369873
-3.9991464614868164
-3.7940618991851807
-3.6402485370635986
-3.5377063751220703
-3.2300796508789062
-3.28135085105896
-3.5377063751220703
-3.6915197372436523
-3.4864351749420166
-3.4864351749420166
-3.4864351749420166
-4.152959823608398
-5.486008644104004
-5.947448253631592
-4.614399433135986
-4.40931510925293
-4.152959823608398
-4.152959823608398
-4.204230785369873
-4.101688385009766
-4.050417423248291
-4.050417423248291
-4.101688385009766
-4.152959823608398
-3.896604061126709
-3.9991464614868164
-4.101688385009766
-4.870755195617676
-5.79363489151001
-5.79363489151001
-4.511857509613037
-4.204230785369873
-3.896604061126709
-3.8453330993652344
-3.9991464614868164
-3.9991464614868164
-3.9478752613067627
-4.050417423248291
-3.9991464614868164
-4.152959823608398
-3.9478752613067627
-4.050417423248291
-4.152959823608398
-4.716941833496094
-5.6910929679870605
-5.844906330108643
-4.614399433135986
-4.358044147491455
-3.9991464614868164
-4.101688385009766
-4.358044147491455
-4.511857509613037
-4.40931510925293
-4.511857509613037
-4.563128471374512
-4.716941833496094
-4.4605865478515625
-4.40931510925293
-4.4605865478515625
-4.92202615737915
-5.896177291870117
-5.6910929679870605
-4.152959823608398
-4.050417423248291
-3.7940618991851807
-3.9991464614868164
-4.050417423248291
-3.9478752613067627
-3.588977575302124
-3.4864351749420166
-3.8453330993652344
-4.204230785369873
-4.101688385009766
-4.101688385009766
-4.204230785369873
-4.768212795257568
-5.947448253631592
-5.332195281982422
-3.3838930130004883
-3.28135085105896
-3.1788086891174316
-3.28135085105896
-3.3838930130004883
-3.3838930130004883
-3.3326220512390137
-3.28135085105896
-3.3838930130004883
-3.588977575302124
-3.5377063751220703
-3.588977575302124
-3.588977575302124
-4.152959823608398
-5.639822006225586
-5.588550567626953
-3.7940618991851807
-3.6915197372436523
-3.588977575302124
-3.896604061126709
-3.9478752613067627
-3.9991464614868164
-3.9478752613067627
-3.8453330993652344
-3.8453330993652344
-3.896604061126709
-3.5377063751220703
-3.3838930130004883
-3.4864351749420166
-3.7940618991851807
-5.5372796058654785
-5.332195281982422
-4.050417423248291
-4.050417423248291
-3.9991464614868164
-4.152959823608398
-4.101688385009766
-4.255501747131348
-4.255501747131348
-4.255501747131348
-4.101688385009766
-3.9991464614868164
-3.742790699005127
-3.588977575302124
-3.742790699005127
-4.152959823608398
-5.280923843383789
-6.203804016113281
-3.435164213180542
-3.6915197372436523
-3.5377063751220703
-3.4864351749420166
-3.435164213180542
-3.6915197372436523
-4.511857509613037
-4.665670871734619
-4.92202615737915
-4.255501747131348
-4.358044147491455
-3.5377063751220703
-3.3326220512390137
-3.435164213180542
-5.639822006225586
-6.3063459396362305
-3.435164213180542
-3.3326220512390137
-2.7173686027526855
-2.461013078689575
-2.204657554626465
-2.204657554626465
-2.5635552406311035
-2.7173686027526855
-2.512284278869629
-2.512284278869629
-2.461013078689575
-2.6148264408111572
-2.461013078689575
-3.7940618991851807
-6.665244102478027
-6.152533054351807
-3.896604061126709
-3.6915197372436523
-2.9224531650543213
-2.9224531650543213
-2.666097640991211
-2.6148264408111572
-2.9224531650543213
-2.7173686027526855
-2.512284278869629
-2.7686398029327393
-2.5635552406311035
-2.6148264408111572
-2.7686398029327393
-3.4864351749420166
-6.152533054351807
-6.203804016113281
-3.9991464614868164
-3.8453330993652344
-3.3326220512390137
-3.28135085105896
-2.9224531650543213
-2.8711819648742676
-3.1788086891174316
-3.0762665271759033
-3.0249953269958496
-3.28135085105896
-3.0249953269958496
-3.0249953269958496
-3.1788086891174316
-4.40931510925293
-6.152533054351807
-6.408888339996338
-3.9991464614868164
-4.101688385009766
-4.050417423248291
-4.101688385009766
-3.9991464614868164
-3.9478752613067627
-4.3067731857299805
-4.050417423248291
-3.9478752613067627
-3.896604061126709
-3.2300796508789062
-3.127537488937378
-3.435164213180542
-4.563128471374512
-6.152533054351807
-6.6139726638793945
-3.588977575302124
-3.28135085105896
-2.6148264408111572
-2.461013078689575
-2.5635552406311035
-3.3326220512390137
-3.1788086891174316
-2.8711819648742676
-2.512284278869629
-3.435164213180542
-2.9224531650543213
-2.9224531650543213
-3.2300796508789062
-3.7940618991851807
-5.896177291870117
-6.049990653991699
-2.666097640991211
-1.6919465065002441
-1.2817776203155518
-1.1279643774032593
-1.0766932964324951
-1.486862063407898
-1.7432175874710083
-2.1533865928649902
-1.486862063407898
-2.819911003112793
-2.666097640991211
-2.6148264408111572
-3.0249953269958496
-3.3326220512390137
-5.896177291870117
-5.896177291870117
-2.6148264408111572
-2.1533865928649902
-1.8457598686218262
-1.64067542552948
-1.5381332635879517
-1.8457598686218262
-1.7432175874710083
-2.050844192504883
-1.2305065393447876
-2.307199716567993
-2.6148264408111572
-3.0249953269958496
-3.2300796508789062
-3.7940618991851807
-6.56270170211792
-5.844906330108643
-3.6915197372436523
-3.2300796508789062
-2.512284278869629
-2.1533865928649902
-2.204657554626465
-2.7686398029327393
-3.127537488937378
-3.127537488937378
-2.5635552406311035
-2.8711819648742676
-2.8711819648742676
-3.127537488937378
-3.0762665271759033
-3.4864351749420166
-5.5372796058654785
-6.716515064239502
-3.28135085105896
-3.6915197372436523
-3.6915197372436523
-3.7940618991851807
-3.742790699005127
-3.8453330993652344
-4.563128471374512
-4.563128471374512
-4.870755195617676
-4.819484233856201
-4.819484233856201
-4.255501747131348
-4.050417423248291
-4.4605865478515625
-6.56270170211792
-6.819057464599609
-2.7686398029327393
-2.512284278869629
-2.204657554626465
-2.1533865928649902
-2.1021153926849365
-2.1021153926849365
-2.666097640991211
-3.0249953269958496
-3.2300796508789062
-3.3326220512390137
-3.1788086891174316
-3.28135085105896
-3.0762665271759033
-4.511857509613037
-7.434310436248779
-6.3063459396362305
-2.7686398029327393
-2.461013078689575
-2.1021153926849365
-2.1533865928649902
-2.050844192504883
-2.204657554626465
-2.7686398029327393
-2.7686398029327393
-3.0762665271759033
-3.28135085105896
-3.0762665271759033
-3.1788086891174316
-3.127537488937378
-3.9478752613067627
-6.665244102478027
-6.3063459396362305
-2.8711819648742676
-2.512284278869629
-2.307199716567993
-2.2559287548065186
-2.050844192504883
-2.1533865928649902
-3.0762665271759033
-3.3326220512390137
-3.9991464614868164
-4.255501747131348
-3.5377063751220703
-3.5377063751220703
-3.5377063751220703
-4.819484233856201
-6.56270170211792
-6.511430740356445
-3.127537488937378
-2.8711819648742676
-3.127537488937378
-3.28135085105896
-3.2300796508789062
-3.2300796508789062
-4.358044147491455
-4.665670871734619
-5.2296528816223145
-4.870755195617676
-3.6915197372436523
-3.6402485370635986
-3.435164213180542
-4.665670871734619
-6.511430740356445
-6.819057464599609
-2.666097640991211
-2.4097421169281006
-2.2559287548065186
-2.2559287548065186
-2.358470916748047
-2.7173686027526855
-3.435164213180542
-3.5377063751220703
-3.3838930130004883
-3.8453330993652344
-2.973724126815796
-2.9224531650543213
-2.8711819648742676
-3.0249953269958496
-5.742363929748535
-6.203804016113281
-1.6919465065002441
-1.1279643774032593
-1.1792354583740234
-1.0766932964324951
-0.9228799343109131
-0.8716087937355042
-1.486862063407898
-3.1788086891174316
-2.7173686027526855
-3.3326220512390137
-2.512284278869629
-2.1021153926849365
-2.358470916748047
-2.461013078689575
-5.588550567626953
-6.203804016113281
-1.794488787651062
-1.3330488204956055
-1.3843199014663696
-1.3843199014663696
-1.1279643774032593
-1.0254220962524414
-1.6919465065002441
-3.3326220512390137
-2.7173686027526855
-3.127537488937378
-2.6148264408111572
-2.2559287548065186
-2.5635552406311035
-3.28135085105896
-7.024141788482666
-6.049990653991699
-3.127537488937378
-2.512284278869629
-2.307199716567993
-2.050844192504883
-2.050844192504883
-2.358470916748047
-3.742790699005127
-4.204230785369873
-3.588977575302124
-3.6402485370635986
-3.3326220512390137
-2.973724126815796
-2.9224531650543213
-3.5377063751220703
-6.152533054351807
-5.127110481262207
-3.9991464614868164
-3.742790699005127
-3.588977575302124
-3.5377063751220703
-3.588977575302124
-3.5377063751220703
-3.4864351749420166
-3.435164213180542
-3.588977575302124
-3.435164213180542
-3.5377063751220703
-3.6915197372436523
-3.4864351749420166
-3.4864351749420166
-4.819484233856201
-5.6910929679870605
-4.3067731857299805
-4.101688385009766
-3.6402485370635986
-3.588977575302124
-3.5377063751220703
-3.588977575302124
-3.588977575302124
-3.588977575302124
-3.6915197372436523
-3.6402485370635986
-3.7940618991851807
-3.9991464614868164
-3.8453330993652344
-4.050417423248291
-5.5372796058654785
-5.844906330108643
-4.614399433135986
-4.358044147491455
-3.896604061126709
-3.9478752613067627
-3.9478752613067627
-3.9478752613067627
-4.101688385009766
-3.9478752613067627
-3.9991464614868164
-4.101688385009766
-4.101688385009766
-4.358044147491455
-4.358044147491455
-4.614399433135986
-5.79363489151001
-5.844906330108643
-4.614399433135986
-4.358044147491455
-4.101688385009766
-4.152959823608398
-4.050417423248291
-3.9991464614868164
-4.101688385009766
-4.101688385009766
-4.152959823608398
-4.255501747131348
-4.204230785369873
-4.358044147491455
-4.40931510925293
-4.819484233856201
-5.844906330108643
-5.844906330108643
-4.511857509613037
-4.4605865478515625
-4.4605865478515625
-4.614399433135986
-4.614399433135986
-4.563128471374512
-4.716941833496094
-4.511857509613037
-4.511857509613037
-4.511857509613037
-4.204230785369873
-4.358044147491455
-4.358044147491455
-4.768212795257568
-5.79363489151001
-5.79363489151001
-4.152959823608398
-3.7940618991851807
-3.3838930130004883
-3.2300796508789062
-3.127537488937378
-3.1788086891174316
-3.5377063751220703
-3.9478752613067627
-4.050417423248291
-4.358044147491455
-4.152959823608398
-4.255501747131348
-4.358044147491455
-4.665670871734619
-5.742363929748535
-5.280923843383789
-3.1788086891174316
-2.8711819648742676
-2.9224531650543213
-2.973724126815796
-2.9224531650543213
-2.8711819648742676
-2.9224531650543213
-3.4864351749420166
-3.435164213180542
-3.9478752613067627
-3.896604061126709
-3.896604061126709
-3.9991464614868164
-4.40931510925293
-5.588550567626953
-5.434737205505371
-3.3838930130004883
-3.28135085105896
-3.3326220512390137
-3.3326220512390137
-3.3326220512390137
-3.3326220512390137
-3.3326220512390137
-3.6915197372436523
-3.435164213180542
-3.742790699005127
-3.8453330993652344
-3.9991464614868164
-3.9478752613067627
-4.204230785369873
-5.79363489151001
-5.332195281982422
-3.9991464614868164
-3.6915197372436523
-3.4864351749420166
-3.3838930130004883
-3.435164213180542
-3.6402485370635986
-3.9991464614868164
-4.255501747131348
-4.050417423248291
-4.152959823608398
-4.152959823608398
-4.204230785369873
-4.101688385009766
-4.3067731857299805
-5.332195281982422
-6.408888339996338
-3.5377063751220703
-3.896604061126709
-3.896604061126709
-3.9478752613067627
-3.742790699005127
-3.896604061126709
-3.7940618991851807
-3.3838930130004883
-3.435164213180542
-3.5377063751220703
-3.6402485370635986
-3.3838930130004883
-3.2300796508789062
-4.152959823608398
-5.947448253631592
-6.255074977874756
-3.2300796508789062
-3.3326220512390137
-3.0249953269958496
-2.8711819648742676
-2.7686398029327393
-2.8711819648742676
-2.4097421169281006
-1.5894043445587158
-1.486862063407898
-1.7432175874710083
-1.5381332635879517
-2.1533865928649902
-2.6148264408111572
-3.9991464614868164
-6.3063459396362305
-6.049990653991699
-3.5377063751220703
-3.6402485370635986
-3.127537488937378
-3.127537488937378
-3.0762665271759033
-3.3326220512390137
-3.2300796508789062
-2.461013078689575
-2.1021153926849365
-2.204657554626465
-1.9483020305633545
-2.461013078689575
-3.0762665271759033
-4.152959823608398
-6.203804016113281
-5.998719692230225
-3.7940618991851807
-3.7940618991851807
-3.3838930130004883
-3.3838930130004883
-3.1788086891174316
-3.127537488937378
-2.8711819648742676
-2.1533865928649902
-1.8970309495925903
-1.9483020305633545
-1.5381332635879517
-2.1021153926849365
-2.666097640991211
-3.9478752613067627
-5.896177291870117
-6.408888339996338
-4.204230785369873
-3.9991464614868164
-3.4864351749420166
-3.588977575302124
-3.4864351749420166
-3.5377063751220703
-3.2300796508789062
-2.7686398029327393
-3.0249953269958496
-3.4864351749420166
-3.0249953269958496
-3.3838930130004883
-3.4864351749420166
-4.819484233856201
-7.126683712005615
-6.56270170211792
-3.896604061126709
-3.742790699005127
-3.0762665271759033
-2.819911003112793
-2.5635552406311035
-2.7686398029327393
-1.4355909824371338
-0.82033771276474
-0.9741510152816772
-1.3330488204956055
-1.5381332635879517
-1.9483020305633545
-2.6148264408111572
-3.3838930130004883
-7.485581398010254
-6.357617378234863
-2.819911003112793
-2.666097640991211
-2.461013078689575
-1.8457598686218262
-1.5381332635879517
-2.050844192504883
-1.1279643774032593
-0.6152532696723938
-0.35889774560928345
-0.6665244102478027
-0.82033771276474
-1.1279643774032593
-2.1021153926849365
-2.307199716567993
-6.255074977874756
-6.101261615753174
-3.0762665271759033
-2.8711819648742676
-2.666097640991211
-2.461013078689575
-2.461013078689575
-2.9224531650543213
-2.4097421169281006
-1.64067542552948
-1.1279643774032593
-1.0766932964324951
-0.9228799343109131
-1.2817776203155518
-2.1021153926849365
-2.358470916748047
-5.742363929748535
-5.639822006225586
-3.2300796508789062
-3.0762665271759033
-2.8711819648742676
-2.819911003112793
-3.1788086891174316
-3.3326220512390137
-3.127537488937378
-2.512284278869629
-1.8970309495925903
-1.7432175874710083
-1.3330488204956055
-1.2817776203155518
-2.204657554626465
-2.512284278869629
-5.3834662437438965
-6.870328426361084
-3.6915197372436523
-3.8453330993652344
-3.6915197372436523
-3.9478752613067627
-3.9478752613067627
-4.050417423248291
-4.050417423248291
-3.742790699005127
-3.7940618991851807
-3.9478752613067627
-3.588977575302124
-3.3838930130004883
-3.1788086891174316
-3.9478752613067627
-6.56270170211792
-6.819057464599609
-2.7686398029327393
-2.5635552406311035
-2.307199716567993
-2.2559287548065186
-2.512284278869629
-2.666097640991211
-2.973724126815796
-2.512284278869629
-2.461013078689575
-2.461013078689575
-2.307199716567993
-2.512284278869629
-2.1021153926849365
-3.3326220512390137
-6.767786026000977
-6.255074977874756
-2.6148264408111572
-2.358470916748047
-2.1533865928649902
-2.1533865928649902
-2.358470916748047
-2.7686398029327393
-3.1788086891174316
-2.8711819648742676
-2.9224531650543213
-2.9224531650543213
-2.7686398029327393
-3.0249953269958496
-2.4097421169281006
-3.28135085105896
-6.3063459396362305
-6.3063459396362305
-2.7173686027526855
-2.4097421169281006
-2.204657554626465
-2.204657554626465
-2.204657554626465
-2.461013078689575
-2.8711819648742676
-2.819911003112793
-2.819911003112793
-2.973724126815796
-2.666097640991211
-2.973724126815796
-2.5635552406311035
-3.2300796508789062
-5.6910929679870605
-6.716515064239502
-3.1788086891174316
-2.5635552406311035
-2.1021153926849365
-2.204657554626465
-2.358470916748047
-2.819911003112793
-3.7940618991851807
-3.896604061126709
-3.9991464614868164
-4.3067731857299805
-3.7940618991851807
-3.9991464614868164
-3.28135085105896
-4.870755195617676
-7.126683712005615
-6.921599388122559
-2.819911003112793
-2.2559287548065186
-1.486862063407898
-1.7432175874710083
-1.794488787651062
-2.358470916748047
-2.5635552406311035
-2.4097421169281006
-2.512284278869629
-2.6148264408111572
-2.7686398029327393
-3.3326220512390137
-2.461013078689575
-3.3326220512390137
-7.793208122253418
-6.972870349884033
-1.8970309495925903
-1.2817776203155518
-1.1792354583740234
-1.3330488204956055
-1.1279643774032593
-1.9483020305633545
-2.1533865928649902
-2.1021153926849365
-1.9995732307434082
-2.1021153926849365
-2.307199716567993
-2.7686398029327393
-1.8970309495925903
-1.794488787651062
-6.6139726638793945
-6.203804016113281
-2.1021153926849365
-1.794488787651062
-2.1021153926849365
-2.204657554626465
-2.204657554626465
-2.7173686027526855
-2.973724126815796
-2.461013078689575
-2.1533865928649902
-2.307199716567993
-2.1533865928649902
-2.512284278869629
-2.2559287548065186
-1.8457598686218262
-5.998719692230225
-5.896177291870117
-2.7173686027526855
-2.7173686027526855
-2.973724126815796
-3.0762665271759033
-3.28135085105896
-3.435164213180542
-3.588977575302124
-3.2300796508789062
-2.7686398029327393
-2.666097640991211
-2.307199716567993
-2.358470916748047
-2.7686398029327393
-2.7173686027526855
-6.203804016113281
-5.075839519500732
-3.8453330993652344
-3.742790699005127
-3.588977575302124
-3.588977575302124
-3.588977575302124
-3.4864351749420166
-3.2300796508789062
-3.0762665271759033
-3.127537488937378
-3.3838930130004883
-3.1788086891174316
-3.3326220512390137
-3.28135085105896
-3.6402485370635986
-4.92202615737915
-5.639822006225586
-4.255501747131348
-4.050417423248291
-3.6915197372436523
-3.6402485370635986
-3.6402485370635986
-3.6915197372436523
-3.3838930130004883
-3.0762665271759033
-3.1788086891174316
-3.3326220512390137
-3.1788086891174316
-3.3326220512390137
-3.4864351749420166
-4.255501747131348
-5.588550567626953
-5.896177291870117
-4.511857509613037
-4.3067731857299805
-3.896604061126709
-3.8453330993652344
-3.9478752613067627
-4.101688385009766
-4.050417423248291
-3.742790699005127
-3.896604061126709
-3.9991464614868164
-3.6915197372436523
-3.8453330993652344
-4.050417423248291
-4.92202615737915
-5.844906330108643
-5.79363489151001
-4.614399433135986
-4.3067731857299805
-3.9991464614868164
-3.896604061126709
-3.9478752613067627
-4.050417423248291
-3.9478752613067627
-3.742790699005127
-3.896604061126709
-3.9991464614868164
-3.6915197372436523
-3.896604061126709
-4.050417423248291
-4.973297595977783
-5.79363489151001
-5.896177291870117
-4.614399433135986
-4.40931510925293
-3.9478752613067627
-3.9478752613067627
-3.9991464614868164
-4.204230785369873
-4.050417423248291
-4.101688385009766
-4.563128471374512
-4.768212795257568
-4.4605865478515625
-4.563128471374512
-4.40931510925293
-5.17838191986084
-6.357617378234863
-5.844906330108643
-4.3067731857299805
-4.050417423248291
-3.588977575302124
-3.5377063751220703
-3.6915197372436523
-3.7940618991851807
-2.8711819648742676
-2.7686398029327393
-3.0762665271759033
-3.3326220512390137
-2.973724126815796
-2.8711819648742676
-3.3326220512390137
-3.7940618991851807
-5.5372796058654785
-5.5372796058654785
-3.588977575302124
-3.28135085105896
-3.0762665271759033
-2.8711819648742676
-3.0249953269958496
-3.3326220512390137
-2.7173686027526855
-2.819911003112793
-3.0249953269958496
-3.127537488937378
-3.127537488937378
-2.8711819648742676
-3.0762665271759033
-2.9224531650543213
-5.280923843383789
-5.639822006225586
-3.588977575302124
-3.3838930130004883
-3.3838930130004883
-3.435164213180542
-3.5377063751220703
-3.742790699005127
-3.4864351749420166
-3.3838930130004883
-3.3838930130004883
-3.435164213180542
-3.3838930130004883
-2.973724126815796
-3.127537488937378
-3.1788086891174316
-5.2296528816223145
-5.2296528816223145
-3.742790699005127
-3.6402485370635986
-3.6402485370635986
-3.7940618991851807
-3.9991464614868164
-4.152959823608398
-3.9478752613067627
-3.742790699005127
-3.588977575302124
-3.4864351749420166
-3.127537488937378
-2.6148264408111572
-2.9224531650543213
-3.28135085105896
-4.716941833496094
-5.588550567626953
-3.2300796508789062
-3.742790699005127
-3.8453330993652344
-3.6402485370635986
-3.5377063751220703
-3.6915197372436523
-3.7940618991851807
-4.511857509613037
-4.819484233856201
-4.768212795257568
-4.3067731857299805
-3.8453330993652344
-3.5377063751220703
-3.4864351749420166
-5.486008644104004
-5.79363489151001
-3.2300796508789062
-3.28135085105896
-3.0249953269958496
-2.5635552406311035
-2.2559287548065186
-2.461013078689575
-2.5635552406311035
-2.973724126815796
-3.1788086891174316
-3.4864351749420166
-3.435164213180542
-3.28135085105896
-3.3326220512390137
-3.8453330993652344
-6.152533054351807
-6.203804016113281
-4.255501747131348
-4.152959823608398
-3.4864351749420166
-3.2300796508789062
-2.7686398029327393
-3.0762665271759033
-2.973724126815796
-2.819911003112793
-3.0762665271759033
-3.4864351749420166
-3.588977575302124
-3.435164213180542
-3.742790699005127
-4.92202615737915
-6.56270170211792
-6.767786026000977
-4.768212795257568
-4.40931510925293
-4.050417423248291
-3.9478752613067627
-3.896604061126709
-4.152959823608398
-3.9991464614868164
-3.588977575302124
-3.7940618991851807
-3.9478752613067627
-3.6402485370635986
-3.1788086891174316
-3.435164213180542
-4.768212795257568
-6.203804016113281
-6.357617378234863
-3.6915197372436523
-3.742790699005127
-3.4864351749420166
-3.7940618991851807
-3.896604061126709
-3.9991464614868164
-3.8453330993652344
-3.4864351749420166
-3.588977575302124
-3.6915197372436523
-3.4864351749420166
-2.973724126815796
-3.0762665271759033
-3.896604061126709
-5.6910929679870605
-6.408888339996338
-3.3838930130004883
-3.5377063751220703
-3.435164213180542
-3.7940618991851807
-4.255501747131348
-3.742790699005127
-3.127537488937378
-2.8711819648742676
-2.9224531650543213
-3.0762665271759033
-3.0762665271759033
-2.9224531650543213
-2.8711819648742676
-4.40931510925293
-6.4601593017578125
-5.998719692230225
-2.1533865928649902
-2.2559287548065186
-2.050844192504883
-2.307199716567993
-3.435164213180542
-2.7686398029327393
-2.2559287548065186
-1.3843199014663696
-0.9228799343109131
-1.1279643774032593
-1.3843199014663696
-1.9995732307434082
-2.204657554626465
-3.0249953269958496
-6.255074977874756
-5.588550567626953
-2.307199716567993
-2.307199716567993
-2.1533865928649902
-2.358470916748047
-2.666097640991211
-2.7173686027526855
-2.307199716567993
-1.486862063407898
-0.82033771276474
-0.7690666317939758
-0.9228799343109131
-1.8970309495925903
-2.1533865928649902
-2.2559287548065186
-6.049990653991699
-5.844906330108643
-3.6402485370635986
-3.3838930130004883
-3.2300796508789062
-2.973724126815796
-3.127537488937378
-2.666097640991211
-2.819911003112793
-2.5635552406311035
-2.4097421169281006
-2.358470916748047
-2.050844192504883
-2.461013078689575
-2.6148264408111572
-2.7686398029327393
-5.434737205505371
-6.3063459396362305
-3.127537488937378
-3.588977575302124
-3.8453330993652344
-3.9478752613067627
-3.8453330993652344
-3.896604061126709
-4.101688385009766
-4.563128471374512
-4.870755195617676
-5.17838191986084
-4.973297595977783
-4.358044147491455
-3.9478752613067627
-3.742790699005127
-6.049990653991699
-6.255074977874756
-2.7173686027526855
-2.6148264408111572
-2.7173686027526855
-2.461013078689575
-2.1021153926849365
-2.2559287548065186
-2.7173686027526855
-3.127537488937378
-3.3838930130004883
-4.050417423248291
-4.358044147491455
-3.742790699005127
-3.435164213180542
-4.050417423248291
-6.665244102478027
-6.408888339996338
-3.435164213180542
-3.1788086891174316
-2.973724126815796
-2.6148264408111572
-2.1533865928649902
-2.2559287548065186
-2.666097640991211
-2.7686398029327393
-3.3838930130004883
-3.8453330993652344
-4.204230785369873
-3.588977575302124
-3.588977575302124
-4.819484233856201
-6.972870349884033
-7.126683712005615
-4.204230785369873
-3.7940618991851807
-3.435164213180542
-3.127537488937378
-2.9224531650543213
-3.127537488937378
-4.050417423248291
-3.8453330993652344
-4.40931510925293
-4.614399433135986
-4.152959823608398
-3.2300796508789062
-3.3326220512390137
-5.075839519500732
-6.511430740356445
-6.3063459396362305
-2.666097640991211
-2.512284278869629
-2.2559287548065186
-2.461013078689575
-2.358470916748047
-3.0249953269958496
-3.9478752613067627
-3.588977575302124
-3.9991464614868164
-4.101688385009766
-3.742790699005127
-2.973724126815796
-2.973724126815796
-3.8453330993652344
-5.5372796058654785
-6.716515064239502
-2.5635552406311035
-2.1021153926849365
-1.9995732307434082
-2.666097640991211
-3.3838930130004883
-2.8711819648742676
-3.2300796508789062
-3.127537488937378
-3.6915197372436523
-3.6402485370635986
-3.7940618991851807
-2.7173686027526855
-2.7686398029327393
-4.358044147491455
-6.6139726638793945
-6.357617378234863
-1.1279643774032593
-0.8716087937355042
-0.8716087937355042
-1.3330488204956055
-3.0249953269958496
-2.204657554626465
-2.7173686027526855
-2.204657554626465
-2.050844192504883
-2.1021153926849365
-2.307199716567993
-2.1021153926849365
-1.794488787651062
-2.666097640991211
-6.049990653991699
-5.998719692230225
-1.3330488204956055
-1.3843199014663696
-1.64067542552948
-2.2559287548065186
-2.1021153926849365
-2.307199716567993
-2.973724126815796
-2.461013078689575
-2.2559287548065186
-2.050844192504883
-2.1533865928649902
-2.512284278869629
-1.64067542552948
-1.9483020305633545
-6.6139726638793945
-5.844906330108643
-2.819911003112793
-2.973724126815796
-3.28135085105896
-3.0762665271759033
-3.0249953269958496
-2.8711819648742676
-3.5377063751220703
-3.435164213180542
-3.3326220512390137
-3.1788086891174316
-2.973724126815796
-3.2300796508789062
-2.512284278869629
-3.0762665271759033
-6.3063459396362305
-4.973297595977783
-3.742790699005127
-3.742790699005127
-3.8453330993652344
-3.6915197372436523
-3.4864351749420166
-3.435164213180542
-3.3326220512390137
-3.5377063751220703
-3.8453330993652344
-3.9478752613067627
-3.7940618991851807
-3.742790699005127
-3.5377063751220703
-3.8453330993652344
-5.024568557739258
-5.486008644104004
-4.204230785369873
-4.152959823608398
-3.9478752613067627
-3.8453330993652344
-3.588977575302124
-3.6402485370635986
-3.588977575302124
-3.6402485370635986
-3.896604061126709
-4.050417423248291
-3.9991464614868164
-4.050417423248291
-3.9991464614868164
-4.40931510925293
-5.588550567626953
-5.844906330108643
-4.716941833496094
-4.563128471374512
-4.255501747131348
-4.152959823608398
-3.896604061126709
-3.896604061126709
-3.896604061126709
-3.9478752613067627
-4.152959823608398
-4.3067731857299805
-4.358044147491455
-4.40931510925293
-4.4605865478515625
-4.92202615737915
-5.896177291870117
-5.947448253631592
-4.768212795257568
-4.665670871734619
-4.358044147491455
-4.3067731857299805
-4.204230785369873
-4.3067731857299805
-4.3067731857299805
-4.152959823608398
-4.40931510925293
-4.563128471374512
-4.511857509613037
-4.358044147491455
-4.358044147491455
-4.92202615737915
-5.79363489151001
-5.844906330108643
-4.358044147491455
-4.255501747131348
-3.9991464614868164
-4.101688385009766
-4.152959823608398
-4.255501747131348
-4.3067731857299805
-4.3067731857299805
-4.614399433135986
-4.665670871734619
-4.614399433135986
-4.204230785369873
-4.101688385009766
-4.511857509613037
-5.5372796058654785
-5.742363929748535
-4.152959823608398
-3.9991464614868164
-3.7940618991851807
-3.8453330993652344
-4.204230785369873
-3.9991464614868164
-3.896604061126709
-3.896604061126709
-4.050417423248291
-4.152959823608398
-4.050417423248291
-3.9991464614868164
-3.8453330993652344
-4.40931510925293
-5.6910929679870605
-5.332195281982422
-3.127537488937378
-2.819911003112793
-2.6148264408111572
-2.7173686027526855
-3.28135085105896
-2.9224531650543213
-3.127537488937378
-3.1788086891174316
-3.3326220512390137
-3.435164213180542
-3.1788086891174316
-3.3838930130004883
-3.2300796508789062
-3.588977575302124
-5.5372796058654785
-5.17838191986084
-3.28135085105896
-3.0762665271759033
-2.973724126815796
-3.127537488937378
-3.28135085105896
-3.1788086891174316
-3.28135085105896
-3.28135085105896
-3.3838930130004883
-3.3838930130004883
-3.2300796508789062
-3.3838930130004883
-3.28135085105896
-3.3326220512390137
-5.434737205505371
-5.332195281982422
-3.896604061126709
-3.8453330993652344
-3.8453330993652344
-3.7940618991851807
-3.6915197372436523
-3.3326220512390137
-3.6402485370635986
-3.742790699005127
-3.9478752613067627
-3.9991464614868164
-3.742790699005127
-3.742790699005127
-3.6915197372436523
-3.896604061126709
-5.17838191986084
-5.998719692230225
-3.28135085105896
-3.6915197372436523
-3.4864351749420166
-3.3326220512390137
-3.0762665271759033
-3.435164213180542
-4.101688385009766
-4.204230785369873
-3.7940618991851807
-3.7940618991851807
-3.8453330993652344
-3.4864351749420166
-3.3326220512390137
-3.6402485370635986
-5.332195281982422
-5.896177291870117
-3.28135085105896
-3.28135085105896
-2.7686398029327393
-2.5635552406311035
-2.2559287548065186
-2.5635552406311035
-2.819911003112793
-3.127537488937378
-2.9224531650543213
-2.666097640991211
-2.1021153926849365
-2.1533865928649902
-2.4097421169281006
-3.3326220512390137
-5.6910929679870605
-6.203804016113281
-3.9991464614868164
-3.9478752613067627
-3.1788086891174316
-3.0762665271759033
-3.0249953269958496
-3.3326220512390137
-3.5377063751220703
-3.8453330993652344
-3.4864351749420166
-3.2300796508789062
-2.4097421169281006
-2.512284278869629
-2.973724126815796
-4.819484233856201
-7.024141788482666
-6.255074977874756
-3.9478752613067627
-3.742790699005127
-3.127537488937378
-2.8711819648742676
-2.973724126815796
-3.435164213180542
-3.435164213180542
-3.6402485370635986
-3.28135085105896
-3.0762665271759033
-2.204657554626465
-2.4097421169281006
-2.7173686027526855
-3.742790699005127
-5.896177291870117
-6.3063459396362305
-3.9991464614868164
-3.7940618991851807
-3.28135085105896
-3.435164213180542
-3.6915197372436523
-4.4605865478515625
-4.614399433135986
-4.152959823608398
-3.896604061126709
-3.8453330993652344
-3.3838930130004883
-3.5377063751220703
-3.896604061126709
-4.255501747131348
-6.921599388122559
-6.665244102478027
-3.7940618991851807
-3.0762665271759033
-2.358470916748047
-2.307199716567993
-2.2559287548065186
-2.6148264408111572
-2.2559287548065186
-2.204657554626465
-1.3843199014663696
-1.5381332635879517
-1.8970309495925903
-2.050844192504883
-2.5635552406311035
-4.101688385009766
-6.819057464599609
-6.357617378234863
-2.6148264408111572
-2.050844192504883
-1.8970309495925903
-1.9483020305633545
-1.6919465065002441
-1.486862063407898
-1.486862063407898
-1.2817776203155518
-0.8716087937355042
-0.8716087937355042
-0.6665244102478027
-0.5639821887016296
-1.1792354583740234
-2.358470916748047
-5.6910929679870605
-5.896177291870117
-2.461013078689575
-2.204657554626465
-2.204657554626465
-2.358470916748047
-1.8970309495925903
-1.8457598686218262
-2.050844192504883
-1.8457598686218262
-1.64067542552948
-1.8970309495925903
-1.6919465065002441
-1.2817776203155518
-1.486862063407898
-3.0249953269958496
-6.101261615753174
-5.588550567626953
-2.973724126815796
-2.4097421169281006
-2.512284278869629
-2.666097640991211
-3.0762665271759033
-3.9478752613067627
-4.4605865478515625
-4.204230785369873
-3.896604061126709
-3.435164213180542
-2.5635552406311035
-1.7432175874710083
-1.9483020305633545
-3.435164213180542
-5.742363929748535
-6.511430740356445
-3.0762665271759033
-3.742790699005127
-3.742790699005127
-3.9478752613067627
-3.5377063751220703
-3.896604061126709
-4.3067731857299805
-4.3067731857299805
-4.152959823608398
-4.050417423248291
-3.6915197372436523
-3.4864351749420166
-3.588977575302124
-4.255501747131348
-6.049990653991699
-6.357617378234863
-2.6148264408111572
-2.6148264408111572
-2.461013078689575
-2.512284278869629
-2.204657554626465
-2.512284278869629
-3.127537488937378
-3.2300796508789062
-3.0762665271759033
-2.7173686027526855
-2.461013078689575
-2.666097640991211
-2.9224531650543213
-4.050417423248291
-6.408888339996338
-6.3063459396362305
-3.0762665271759033
-2.9224531650543213
-2.666097640991211
-2.6148264408111572
-2.6148264408111572
-3.0249953269958496
-3.3326220512390137
-3.435164213180542
-3.3838930130004883
-3.28135085105896
-2.8711819648742676
-3.0762665271759033
-3.3838930130004883
-5.17838191986084
-7.33176851272583
-6.408888339996338
-3.127537488937378
-2.819911003112793
-2.5635552406311035
-2.358470916748047
-2.307199716567993
-2.7686398029327393
-3.28135085105896
-3.435164213180542
-3.5377063751220703
-3.2300796508789062
-2.973724126815796
-3.127537488937378
-3.2300796508789062
-4.3067731857299805
-6.3063459396362305
-6.716515064239502
-3.3326220512390137
-2.819911003112793
-2.512284278869629
-2.512284278869629
-2.5635552406311035
-3.5377063751220703
-4.665670871734619
-4.101688385009766
-3.9478752613067627
-3.896604061126709
-3.7940618991851807
-3.9478752613067627
-3.896604061126709
-4.358044147491455
-7.33176851272583
-7.126683712005615
-3.0249953269958496
-2.1533865928649902
-1.5894043445587158
-1.2817776203155518
-1.1792354583740234
-2.358470916748047
-3.2300796508789062
-2.5635552406311035
-1.9483020305633545
-1.8970309495925903
-2.307199716567993
-2.512284278869629
-2.819911003112793
-3.435164213180542
-7.126683712005615
-7.126683712005615
-2.1021153926849365
-1.2817776203155518
-1.0766932964324951
-0.9741510152816772
-0.9228799343109131
-1.2817776203155518
-1.2305065393447876
-0.9228799343109131
-1.2817776203155518
-1.486862063407898
-1.5894043445587158
-1.4355909824371338
-1.9483020305633545
-2.1021153926849365
-6.101261615753174
-6.4601593017578125
-2.1021153926849365
-1.3843199014663696
-1.486862063407898
-1.5894043445587158
-2.2559287548065186
-2.307199716567993
-2.512284278869629
-1.5381332635879517
-2.050844192504883
-2.358470916748047
-2.4097421169281006
-2.050844192504883
-2.2559287548065186
-2.819911003112793
-6.665244102478027
-6.101261615753174
-2.9224531650543213
-2.1533865928649902
-2.4097421169281006
-2.9224531650543213
-3.6402485370635986
-4.511857509613037
-5.280923843383789
-3.896604061126709
-4.101688385009766
-3.896604061126709
-3.3838930130004883
-2.5635552406311035
-2.7173686027526855
-4.255501747131348
-6.4601593017578125
-5.127110481262207
-4.050417423248291
-3.742790699005127
-3.6402485370635986
-3.4864351749420166
-3.3838930130004883
-3.435164213180542
-3.3326220512390137
-3.588977575302124
-3.5377063751220703
-3.588977575302124
-3.5377063751220703
-3.6915197372436523
-3.588977575302124
-3.6402485370635986
-4.716941833496094
-5.588550567626953
-4.255501747131348
-4.204230785369873
-3.7940618991851807
-3.7940618991851807
-3.6402485370635986
-3.742790699005127
-3.6915197372436523
-3.8453330993652344
-3.8453330993652344
-3.8453330993652344
-3.6402485370635986
-3.6915197372436523
-3.742790699005127
-3.9478752613067627
-5.434737205505371
-5.947448253631592
-4.716941833496094
-4.563128471374512
-4.204230785369873
-4.204230785369873
-4.152959823608398
-4.358044147491455
-4.3067731857299805
-4.40931510925293
-4.40931510925293
-4.40931510925293
-4.152959823608398
-4.152959823608398
-4.255501747131348
-4.819484233856201
-5.896177291870117
-5.844906330108643
-4.614399433135986
-4.40931510925293
-4.050417423248291
-4.101688385009766
-4.050417423248291
-4.255501747131348
-4.358044147491455
-4.40931510925293
-4.3067731857299805
-4.358044147491455
-4.152959823608398
-4.152959823608398
-4.204230785369873
-4.768212795257568
-5.844906330108643
-5.844906330108643
-4.4605865478515625
-4.358044147491455
-4.101688385009766
-4.101688385009766
-4.255501747131348
-4.768212795257568
-4.92202615737915
-4.768212795257568
-4.768212795257568
-4.870755195617676
-4.819484233856201
-4.768212795257568
-4.716941833496094
-4.92202615737915
-6.255074977874756
-5.844906330108643
-4.204230785369873
-3.742790699005127
-3.2300796508789062
-2.819911003112793
-2.819911003112793
-2.8711819648742676
-2.512284278869629
-2.5635552406311035
-2.4097421169281006
-2.7173686027526855
-3.3838930130004883
-3.5377063751220703
-3.4864351749420166
-4.204230785369873
-5.998719692230225
-5.434737205505371
-3.2300796508789062
-2.9224531650543213
-2.9224531650543213
-2.7173686027526855
-2.6148264408111572
-2.6148264408111572
-2.8711819648742676
-2.9224531650543213
-2.666097640991211
-2.6148264408111572
-2.7686398029327393
-2.7686398029327393
-2.9224531650543213
-3.1788086891174316
-5.17838191986084
-5.3834662437438965
-3.2300796508789062
-3.1788086891174316
-3.1788086891174316
-3.1788086891174316
-3.2300796508789062
-3.3326220512390137
-3.435164213180542
-3.5377063751220703
-3.3326220512390137
-3.3838930130004883
-3.435164213180542
-3.3326220512390137
-3.3326220512390137
-3.3838930130004883
-5.5372796058654785
-5.17838191986084
-3.5377063751220703
-3.0762665271759033
-3.127537488937378
-3.28135085105896
-3.7940618991851807
-4.4605865478515625
-4.665670871734619
-4.40931510925293
-4.358044147491455
-4.152959823608398
-3.588977575302124
-3.1788086891174316
-3.1788086891174316
-3.896604061126709
-5.332195281982422
-5.639822006225586
-3.28135085105896
-3.742790699005127
-3.7940618991851807
-3.8453330993652344
-3.8453330993652344
-3.8453330993652344
-4.819484233856201
-4.204230785369873
-3.742790699005127
-4.40931510925293
-4.152959823608398
-3.6402485370635986
-3.2300796508789062
-3.9991464614868164
-5.486008644104004
-6.049990653991699
-3.5377063751220703
-3.4864351749420166
-3.0762665271759033
-2.8711819648742676
-2.7173686027526855
-2.6148264408111572
-2.7686398029327393
-1.9995732307434082
-1.8457598686218262
-2.461013078689575
-2.2559287548065186
-2.461013078689575
-2.819911003112793
-3.9478752613067627
-5.742363929748535
-6.203804016113281
-3.9478752613067627
-3.8453330993652344
-3.3838930130004883
-3.28135085105896
-3.0762665271759033
-3.0762665271759033
-2.8711819648742676
-2.5635552406311035
-2.307199716567993
-2.9224531650543213
-2.5635552406311035
-2.819911003112793
-3.3326220512390137
-4.204230785369873
-5.947448253631592
-6.049990653991699
-3.8453330993652344
-3.742790699005127
-3.3326220512390137
-3.127537488937378
-3.1788086891174316
-3.127537488937378
-2.6148264408111572
-2.1021153926849365
-1.6919465065002441
-2.1533865928649902
-2.050844192504883
-2.461013078689575
-3.0249953269958496
-3.8453330993652344
-5.998719692230225
-5.896177291870117
-3.6402485370635986
-3.7940618991851807
-3.588977575302124
-3.742790699005127
-3.9478752613067627
-4.40931510925293
-4.101688385009766
-3.5377063751220703
-3.588977575302124
-3.9478752613067627
-3.588977575302124
-3.7940618991851807
-3.7940618991851807
-4.050417423248291
-6.4601593017578125
-6.665244102478027
-4.050417423248291
-3.435164213180542
-2.666097640991211
-2.819911003112793
-2.358470916748047
-2.1021153926849365
-1.64067542552948
-1.1792354583740234
-1.4355909824371338
-1.6919465065002441
-1.9483020305633545
-2.358470916748047
-3.0249953269958496
-3.4864351749420166
-7.024141788482666
-6.665244102478027
-3.127537488937378
-2.358470916748047
-2.2559287548065186
-2.512284278869629
-1.794488787651062
-1.4355909824371338
-0.9741510152816772
-0.46143996715545654
-0.82033771276474
-0.9741510152816772
-1.0766932964324951
-1.486862063407898
-2.050844192504883
-2.358470916748047
-6.049990653991699
-6.203804016113281
-3.3838930130004883
-2.819911003112793
-2.6148264408111572
-2.512284278869629
-1.9483020305633545
-1.794488787651062
-1.2817776203155518
-0.7177954912185669
-1.1279643774032593
-1.1792354583740234
-1.3330488204956055
-1.6919465065002441
-1.9483020305633545
-2.204657554626465
-5.6910929679870605
-5.896177291870117
-3.8453330993652344
-3.435164213180542
-2.8711819648742676
-2.7686398029327393
-2.4097421169281006
-2.7173686027526855
-2.4097421169281006
-1.9483020305633545
-1.7432175874710083
-1.8457598686218262
-1.64067542552948
-1.794488787651062
-2.1533865928649902
-2.461013078689575
-5.280923843383789
-6.357617378234863
-3.1788086891174316
-3.6402485370635986
-3.896604061126709
-4.101688385009766
-4.050417423248291
-4.101688385009766
-4.665670871734619
-4.204230785369873
-4.101688385009766
-4.563128471374512
-3.9478752613067627
-3.3838930130004883
-2.973724126815796
-3.5377063751220703
-5.947448253631592
-6.665244102478027
-3.0762665271759033
-2.7686398029327393
-2.6148264408111572
-2.307199716567993
-2.461013078689575
-2.512284278869629
-3.3838930130004883
-2.8711819648742676
-2.5635552406311035
-2.8711819648742676
-2.307199716567993
-2.1533865928649902
-1.9995732307434082
-3.0249953269958496
-6.101261615753174
-6.4601593017578125
-3.127537488937378
-2.7173686027526855
-2.512284278869629
-2.307199716567993
-2.2559287548065186
-2.512284278869629
-3.1788086891174316
-3.127537488937378
-2.973724126815796
-3.0762665271759033
-2.666097640991211
-2.5635552406311035
-2.307199716567993
-3.3326220512390137
-6.152533054351807
-6.203804016113281
-2.973724126815796
-2.6148264408111572
-2.461013078689575
-2.2559287548065186
-2.1533865928649902
-2.307199716567993
-2.819911003112793
-2.7173686027526855
-2.5635552406311035
-2.666097640991211
-2.512284278869629
-2.7686398029327393
-2.5635552406311035
-3.6402485370635986
-6.203804016113281
-5.844906330108643
-2.7686398029327393
-2.666097640991211
-2.6148264408111572
-2.666097640991211
-2.8711819648742676
-3.9478752613067627
-5.127110481262207
-4.563128471374512
-4.40931510925293
-4.716941833496094
-4.101688385009766
-4.101688385009766
-3.4864351749420166
-3.4864351749420166
-6.152533054351807
-7.075412750244141
-3.5377063751220703
-2.6148264408111572
-1.794488787651062
-1.6919465065002441
-1.9483020305633545
-2.5635552406311035
-2.512284278869629
-2.358470916748047
-2.7686398029327393
-2.819911003112793
-2.9224531650543213
-3.28135085105896
-3.2300796508789062
-3.2300796508789062
-7.741937160491943
-7.383039474487305
-2.4097421169281006
-1.4355909824371338
-1.2817776203155518
-1.4355909824371338
-1.8457598686218262
-2.050844192504883
-2.1533865928649902
-2.050844192504883
-2.4097421169281006
-2.358470916748047
-2.512284278869629
-2.6148264408111572
-2.307199716567993
-1.794488787651062
-6.101261615753174
-6.357617378234863
-2.512284278869629
-1.64067542552948
-1.5894043445587158
-1.8457598686218262
-2.050844192504883
-2.1021153926849365
-2.204657554626465
-2.1021153926849365
-2.358470916748047
-2.358470916748047
-2.4097421169281006
-2.461013078689575
-2.204657554626465
-1.794488787651062
-5.896177291870117
-5.998719692230225
-3.28135085105896
-2.7173686027526855
-2.461013078689575
-2.7686398029327393
-2.666097640991211
-3.0249953269958496
-3.2300796508789062
-3.127537488937378
-2.8711819648742676
-2.7686398029327393
-2.4097421169281006
-2.461013078689575
-2.6148264408111572
-2.6148264408111572
-5.947448253631592
-5.17838191986084
-3.9991464614868164
-3.9478752613067627
-3.742790699005127
-3.6402485370635986
-3.588977575302124
-3.435164213180542
-3.3838930130004883
-3.3838930130004883
-3.435164213180542
-3.6915197372436523
-3.435164213180542
-3.3838930130004883
-3.28135085105896
-3.6402485370635986
-4.819484233856201
-5.588550567626953
-4.358044147491455
-4.204230785369873
-3.896604061126709
-3.742790699005127
-3.6915197372436523
-3.588977575302124
-3.4864351749420166
-3.435164213180542
-3.4864351749420166
-3.6915197372436523
-3.435164213180542
-3.4864351749420166
-3.5377063751220703
-4.050417423248291
-5.3834662437438965
-5.844906330108643
-4.716941833496094
-4.4605865478515625
-4.152959823608398
-4.101688385009766
-4.050417423248291
-4.101688385009766
-3.9991464614868164
-4.050417423248291
-4.101688385009766
-4.255501747131348
-3.9478752613067627
-3.9991464614868164
-4.101688385009766
-4.563128471374512
-5.6910929679870605
-5.742363929748535
-4.563128471374512
-4.358044147491455
-4.101688385009766
-4.050417423248291
-4.101688385009766
-4.152959823608398
-3.9478752613067627
-3.8453330993652344
-3.896604061126709
-4.050417423248291
-3.896604061126709
-4.050417423248291
-4.101688385009766
-4.563128471374512
-5.6910929679870605
-5.6910929679870605
-4.40931510925293
-4.40931510925293
-4.255501747131348
-4.3067731857299805
-4.4605865478515625
-4.665670871734619
-4.614399433135986
-4.511857509613037
-4.665670871734619
-4.92202615737915
-4.665670871734619
-4.665670871734619
-4.511857509613037
-4.614399433135986
-5.896177291870117
-5.844906330108643
-4.255501747131348
-3.8453330993652344
-3.2300796508789062
-3.2300796508789062
-3.0249953269958496
-2.819911003112793
-2.4097421169281006
-2.307199716567993
-2.6148264408111572
-2.7686398029327393
-2.7173686027526855
-3.0249953269958496
-3.435164213180542
-3.9991464614868164
-5.5372796058654785
-5.639822006225586
-3.6915197372436523
-3.2300796508789062
-3.1788086891174316
-3.1788086891174316
-3.127537488937378
-3.0249953269958496
-2.8711819648742676
-2.666097640991211
-2.9224531650543213
-3.0762665271759033
-3.0762665271759033
-3.0762665271759033
-3.127537488937378
-3.1788086891174316
-5.280923843383789
-5.588550567626953
-3.6915197372436523
-3.435164213180542
-3.435164213180542
-3.435164213180542
-3.3838930130004883
-3.3838930130004883
-3.28135085105896
-3.2300796508789062
-3.3326220512390137
-3.3838930130004883
-3.3838930130004883
-3.2300796508789062
-3.1788086891174316
-3.127537488937378
-5.17838191986084
-5.3834662437438965
-4.101688385009766
-3.896604061126709
-3.6915197372436523
-3.6402485370635986
-3.4864351749420166
-3.6915197372436523
-3.6402485370635986
-3.5377063751220703
-3.4864351749420166
-3.588977575302124
-3.3326220512390137
-3.127537488937378
-3.0249953269958496
-3.3326220512390137
-4.768212795257568
-6.101261615753174
-3.588977575302124
-4.101688385009766
-3.9991464614868164
-3.9991464614868164
-3.7940618991851807
-3.742790699005127
-4.152959823608398
-3.8453330993652344
-3.4864351749420166
-3.9991464614868164
-3.9478752613067627
-3.1788086891174316
-3.1788086891174316
-3.9991464614868164
-5.486008644104004
-6.408888339996338
-3.6402485370635986
-3.6402485370635986
-3.3326220512390137
-3.0762665271759033
-2.666097640991211
-2.7686398029327393
-2.819911003112793
-2.512284278869629
-1.8970309495925903
-2.1021153926849365
-1.9995732307434082
-1.9483020305633545
-2.2559287548065186
-4.101688385009766
-5.947448253631592
-6.3063459396362305
-3.9991464614868164
-4.050417423248291
-3.588977575302124
-3.435164213180542
-3.127537488937378
-3.3838930130004883
-3.3326220512390137
-3.0249953269958496
-2.5635552406311035
-2.5635552406311035
-2.2559287548065186
-2.358470916748047
-2.7686398029327393
-4.511857509613037
-6.767786026000977
-6.255074977874756
-4.152959823608398
-4.511857509613037
-4.050417423248291
-3.8453330993652344
-3.7940618991851807
-4.358044147491455
-4.358044147491455
-4.204230785369873
-3.9478752613067627
-3.588977575302124
-3.1788086891174316
-3.2300796508789062
-3.3838930130004883
-4.3067731857299805
-6.101261615753174
-6.357617378234863
-4.358044147491455
-4.255501747131348
-3.6402485370635986
-3.435164213180542
-3.6402485370635986
-4.255501747131348
-4.152959823608398
-3.896604061126709
-3.4864351749420166
-3.28135085105896
-3.1788086891174316
-3.6915197372436523
-3.7940618991851807
-4.563128471374512
-6.255074977874756
-6.255074977874756
-3.896604061126709
-3.7940618991851807
-3.0249953269958496
-3.0249953269958496
-2.973724126815796
-3.6402485370635986
-3.6402485370635986
-3.588977575302124
-3.28135085105896
-3.28135085105896
-3.2300796508789062
-3.742790699005127
-3.742790699005127
-4.563128471374512
-6.56270170211792
-6.255074977874756
-3.5377063751220703
-3.1788086891174316
-2.461013078689575
-2.7173686027526855
-2.819911003112793
-3.1788086891174316
-3.2300796508789062
-3.0762665271759033
-2.358470916748047
-2.358470916748047
-2.1533865928649902
-2.512284278869629
-2.4097421169281006
-2.819911003112793
-5.998719692230225
-6.152533054351807
-3.3838930130004883
-3.3326220512390137
-2.819911003112793
-2.8711819648742676
-2.819911003112793
-2.9224531650543213
-2.7173686027526855
-3.0249953269958496
-2.204657554626465
-2.1021153926849365
-1.6919465065002441
-2.204657554626465
-2.1021153926849365
-2.6148264408111572
-5.998719692230225
-5.6910929679870605
-3.3838930130004883
-3.588977575302124
-3.3838930130004883
-3.4864351749420166
-3.435164213180542
-3.5377063751220703
-3.3326220512390137
-3.6402485370635986
-3.0762665271759033
-2.819911003112793
-2.307199716567993
-2.461013078689575
-2.358470916748047
-2.819911003112793
-5.280923843383789
-6.716515064239502
-3.6402485370635986
-4.204230785369873
-4.511857509613037
-4.511857509613037
-4.3067731857299805
-4.152959823608398
-4.358044147491455
-3.9478752613067627
-3.9991464614868164
-4.050417423248291
-3.6915197372436523
-3.2300796508789062
-3.1788086891174316
-3.896604061126709
-6.203804016113281
-7.024141788482666
-3.2300796508789062
-2.8711819648742676
-3.0249953269958496
-2.973724126815796
-2.819911003112793
-3.0762665271759033
-3.588977575302124
-3.2300796508789062
-2.666097640991211
-2.512284278869629
-2.1533865928649902
-2.1533865928649902
-2.2559287548065186
-4.152959823608398
-6.6139726638793945
-6.56270170211792
-3.0762665271759033
-3.0249953269958496
-3.0249953269958496
-3.0762665271759033
-2.819911003112793
-3.127537488937378
-3.3838930130004883
-3.2300796508789062
-3.0249953269958496
-2.7686398029327393
-2.512284278869629
-2.512284278869629
-2.819911003112793
-4.511857509613037
-7.126683712005615
-6.716515064239502
-3.6402485370635986
-3.6915197372436523
-3.5377063751220703
-3.6915197372436523
-3.435164213180542
-4.152959823608398
-4.4605865478515625
-4.4605865478515625
-4.511857509613037
-4.3067731857299805
-3.6915197372436523
-3.5377063751220703
-3.5377063751220703
-4.614399433135986
-6.408888339996338
-6.716515064239502
-3.6915197372436523
-3.28135085105896
-2.973724126815796
-2.819911003112793
-2.7173686027526855
-3.3838930130004883
-3.742790699005127
-3.742790699005127
-3.588977575302124
-3.6915197372436523
-3.7940618991851807
-3.896604061126709
-3.9478752613067627
-4.92202615737915
-6.665244102478027
-6.6139726638793945
-2.9224531650543213
-2.819911003112793
-2.512284278869629
-2.461013078689575
-2.307199716567993
-2.8711819648742676
-3.3838930130004883
-3.4864351749420166
-3.3326220512390137
-3.28135085105896
-3.2300796508789062
-3.588977575302124
-3.5377063751220703
-4.92202615737915
-7.177955150604248
-6.56270170211792
-2.7173686027526855
-2.4097421169281006
-2.050844192504883
-2.4097421169281006
-2.5635552406311035
-2.7173686027526855
-3.127537488937378
-3.1788086891174316
-2.7173686027526855
-2.512284278869629
-2.307199716567993
-2.461013078689575
-2.2559287548065186
-3.2300796508789062
-6.819057464599609
-6.408888339996338
-2.7686398029327393
-2.7173686027526855
-2.461013078689575
-2.7686398029327393
-2.8711819648742676
-2.9224531650543213
-2.973724126815796
-3.435164213180542
-2.7173686027526855
-2.512284278869629
-2.1021153926849365
-2.4097421169281006
-2.1021153926849365
-2.666097640991211
-6.665244102478027
-6.101261615753174
-3.3838930130004883
-3.435164213180542
-3.6402485370635986
-3.7940618991851807
-3.7940618991851807
-3.8453330993652344
-3.8453330993652344
-4.152959823608398
-3.742790699005127
-3.3838930130004883
-2.8711819648742676
-2.9224531650543213
-2.666097640991211
-3.4864351749420166
-6.049990653991699
-5.17838191986084
-3.9478752613067627
-3.8453330993652344
-3.7940618991851807
-3.742790699005127
-3.6402485370635986
-3.435164213180542
-3.3326220512390137
-3.3326220512390137
-3.2300796508789062
-3.3838930130004883
-3.3326220512390137
-3.435164213180542
-3.2300796508789062
-3.435164213180542
-4.716941833496094
-5.6910929679870605
-4.255501747131348
-4.3067731857299805
-3.9991464614868164
-3.9478752613067627
-3.6915197372436523
-3.6915197372436523
-3.742790699005127
-3.742790699005127
-3.588977575302124
-3.6402485370635986
-3.5377063751220703
-3.5377063751220703
-3.4864351749420166
-3.9478752613067627
-5.434737205505371
-5.896177291870117
-4.665670871734619
-4.511857509613037
-4.255501747131348
-4.3067731857299805
-4.101688385009766
-4.204230785369873
-4.204230785369873
-4.255501747131348
-4.050417423248291
-4.050417423248291
-3.9478752613067627
-3.9991464614868164
-4.050417423248291
-4.563128471374512
-5.79363489151001
-5.79363489151001
-4.665670871734619
-4.614399433135986
-4.358044147491455
-4.358044147491455
-4.3067731857299805
-4.511857509613037
-4.614399433135986
-4.614399433135986
-4.511857509613037
-4.358044147491455
-4.255501747131348
-4.358044147491455
-4.3067731857299805
-4.819484233856201
-5.79363489151001
-5.844906330108643
-4.511857509613037
-4.4605865478515625
-4.101688385009766
-4.101688385009766
-4.152959823608398
-4.4605865478515625
-4.4605865478515625
-4.511857509613037
-4.40931510925293
-4.255501747131348
-4.3067731857299805
-4.511857509613037
-4.4605865478515625
-4.819484233856201
-5.844906330108643
-5.742363929748535
-4.358044147491455
-4.204230785369873
-3.8453330993652344
-3.9991464614868164
-3.9991464614868164
-4.3067731857299805
-4.358044147491455
-4.4605865478515625
-4.3067731857299805
-4.3067731857299805
-4.255501747131348
-4.4605865478515625
-4.4605865478515625
-4.870755195617676
-5.998719692230225
-5.639822006225586
-3.9991464614868164
-3.742790699005127
-3.3838930130004883
-3.6915197372436523
-3.896604061126709
-4.152959823608398
-4.152959823608398
-4.050417423248291
-3.6915197372436523
-3.7940618991851807
-3.6402485370635986
-3.7940618991851807
-3.742790699005127
-4.204230785369873
-5.79363489151001
-5.639822006225586
-3.7940618991851807
-3.742790699005127
-3.5377063751220703
-3.6915197372436523
-3.7940618991851807
-3.9991464614868164
-3.896604061126709
-3.9478752613067627
-3.6402485370635986
-3.742790699005127
-3.4864351749420166
-3.6402485370635986
-3.4864351749420166
-3.896604061126709
-5.6910929679870605
-5.024568557739258
-3.742790699005127
-3.896604061126709
-3.9478752613067627
-4.101688385009766
-4.152959823608398
-4.3067731857299805
-4.255501747131348
-4.40931510925293
-4.204230785369873
-4.152959823608398
-3.896604061126709
-3.896604061126709
-3.6402485370635986
-3.742790699005127
-4.92202615737915