0.6101138591766357
1.5252846479415894
2.501466751098633
3.477648973464966
4.331808567047119
5.0639448165893555
5.491024494171143
2.7455122470855713
2.989557981491089
1.8303415775299072
2.440455436706543
3.355626106262207
4.331808567047119
5.369001865386963
6.040127277374268
3.416637659072876
4.209785461425781
5.246979236602783
5.491024494171143
1.5862959623336792
0.5491024851799011
1.46427321434021
2.440455436706543
3.416637659072876
4.392819881439209
5.246979236602783
6.406195640563965
5.979115962982178
4.819899559020996
4.636865139007568
3.5386602878570557
3.6606831550598145
4.453831195831299
5.430013179779053
5.307990550994873
3.5386602878570557
3.416637659072876
4.514842510223389
4.270796775817871
1.5862959623336792
0.5491024851799011
1.46427321434021
2.501466751098633
3.477648973464966
4.453831195831299
5.307990550994873
6.101138591766357
7.0163092613220215
7.504400253295898
6.406195640563965
4.392819881439209
4.270796775817871
4.819899559020996
5.002933502197266
2.013375759124756
0.061011385172605515
0.9761821627616882
2.013375759124756
3.0505692958831787
1.4032618999481201
0.5491024851799011
1.46427321434021
2.440455436706543
3.416637659072876
4.331808567047119
5.185967922210693
5.979115962982178
7.077320575714111
6.467206954956055
5.369001865386963
4.148774147033691
4.514842510223389
5.246979236602783
4.5758538246154785
0.6101138591766357
0.0
0.9761821627616882
1.9523643255233765
2.8065237998962402
0.9151707887649536
0.4880910813808441
0.9151707887649536
1.5862959623336792
2.86753511428833
3.9657399654388428
4.819899559020996
4.819899559020996
1.0371935367584229
1.891352891921997
3.2336034774780273
2.501466751098633
1.708318829536438
3.1115806102752686
3.1725919246673584
0.4880910813808441
0.061011385172605515
0.9761821627616882
1.9523643255233765
2.8065237998962402
1.2812390327453613
0.4270797073841095
0.3660683035850525
1.3422504663467407
2.379444122314453
3.355626106262207
3.9657399654388428
0.18303415179252625
0.854159414768219
1.8303415775299072
2.6234896183013916
0.18303415179252625
0.6711252331733704
1.7693301439285278
2.989557981491089
0.4270797073841095
0.0
1.0371935367584229
2.013375759124756
2.92854642868042
2.92854642868042
0.3660683035850525
0.3660683035850525
1.3422504663467407
2.318432569503784
3.1115806102752686
3.355626106262207
0.061011385172605515
0.854159414768219
1.891352891921997
2.6234896183013916
0.18303415179252625
0.732136607170105
1.708318829536438
2.7455122470855713
1.46427321434021
0.4270797073841095
1.2202277183532715
2.2574212551116943
3.2336034774780273
4.087762832641602
0.3660683035850525
0.30505692958831787
1.3422504663467407
2.013375759124756
1.2812390327453613
2.2574212551116943
0.18303415179252625
0.9151707887649536
1.9523643255233765
2.2574212551116943
2.440455436706543
3.904728651046753
3.5386602878570557
3.5996718406677246
2.013375759124756
0.24404554069042206
1.2812390327453613
2.318432569503784
3.2336034774780273
3.843717336654663
0.3660683035850525
0.3660683035850525
1.3422504663467407
0.3660683035850525
1.2812390327453613
2.318432569503784
1.5862959623336792
1.4032618999481201
0.732136607170105
1.2202277183532715
2.2574212551116943
3.1725919246673584
4.758888244628906
5.85709285736084
1.6473073959350586
0.30505692958831787
1.3422504663467407
2.318432569503784
3.294614791870117
4.087762832641602
0.4880910813808441
0.3660683035850525
1.2812390327453613
0.30505692958831787
1.4032618999481201
1.708318829536438
1.2202277183532715
1.5862959623336792
0.18303415179252625
1.2202277183532715
2.2574212551116943
3.2336034774780273
4.148774147033691
5.6130475997924805
4.026751518249512
0.30505692958831787
1.3422504663467407
2.318432569503784
3.294614791870117
4.392819881439209
0.732136607170105
1.5252846479415894
2.86753511428833
0.3660683035850525
1.3422504663467407
0.3660683035850525
1.46427321434021
2.1964099407196045
0.3660683035850525
1.2812390327453613
2.2574212551116943
3.1725919246673584
4.392819881439209
6.223161220550537
6.101138591766357
4.331808567047119
3.6606831550598145
3.782705783843994
3.904728651046753
3.843717336654663
0.9151707887649536
1.708318829536438
2.8065237998962402
3.355626106262207
3.1725919246673584
0.4880910813808441
1.6473073959350586
2.6234896183013916
3.416637659072876
2.7455122470855713
2.8065237998962402
3.5386602878570557
4.453831195831299
5.85709285736084
3.904728651046753
3.5996718406677246
4.331808567047119
4.148774147033691
4.148774147033691
3.6606831550598145
0.6101138591766357
0.6101138591766357
0.5491024851799011
0.5491024851799011
0.5491024851799011
0.6101138591766357
0.5491024851799011
0.5491024851799011
0.4880910813808441
0.4880910813808441
0.4880910813808441
0.4880910813808441
0.4880910813808441
0.5491024851799011
0.5491024851799011
0.4880910813808441
0.4880910813808441
0.4880910813808441
0.4880910813808441
0.4880910813808441
1.46427321434021
1.5252846479415894
1.5252846479415894
1.5252846479415894
1.5252846479415894
1.5252846479415894
1.5252846479415894
1.46427321434021
1.46427321434021
1.46427321434021
1.46427321434021
1.46427321434021
1.46427321434021
1.46427321434021
1.46427321434021
1.4032618999481201
1.4032618999481201
1.3422504663467407
1.46427321434021
1.4032618999481201
2.440455436706543
2.440455436706543
2.501466751098633
2.501466751098633
2.501466751098633
2.501466751098633
2.501466751098633
2.501466751098633
2.501466751098633
2.501466751098633
2.501466751098633
2.501466751098633
2.501466751098633
2.440455436706543
1.708318829536438
0.24404554069042206
0.24404554069042206
0.18303415179252625
2.013375759124756
2.2574212551116943
2.86753511428833
2.989557981491089
3.1725919246673584
3.416637659072876
3.416637659072876
3.416637659072876
3.416637659072876
3.294614791870117
3.294614791870117
3.294614791870117
3.294614791870117
3.2336034774780273
3.294614791870117
2.989557981491089
1.159216284751892
1.2202277183532715
1.2202277183532715
1.2202277183532715
1.2202277183532715
2.5624780654907227
0.7931479811668396
0.12202277034521103
0.18303415179252625
1.8303415775299072
3.782705783843994
3.904728651046753
2.1964099407196045
0.5491024851799011
0.4880910813808441
0.6711252331733704
0.6101138591766357
0.732136607170105
3.355626106262207
2.8065237998962402
2.2574212551116943
2.2574212551116943
2.1964099407196045
2.1964099407196045
2.1964099407196045
2.989557981491089
0.9151707887649536
0.9151707887649536
0.9151707887649536
0.9761821627616882
0.9151707887649536
0.732136607170105
0.12202277034521103
0.12202277034521103
0.12202277034521103
0.12202277034521103
0.12202277034521103
0.18303415179252625
0.24404554069042206
2.2574212551116943
3.1115806102752686
3.1725919246673584
3.2336034774780273
3.1725919246673584
3.294614791870117
3.416637659072876
1.9523643255233765
1.891352891921997
1.891352891921997
1.9523643255233765
0.732136607170105
0.7931479811668396
1.0371935367584229
1.0371935367584229
0.9761821627616882
0.5491024851799011
0.4880910813808441
0.4880910813808441
0.4880910813808441
0.4270797073841095
2.92854642868042
2.1964099407196045
1.46427321434021
0.6711252331733704
0.7931479811668396
2.1353983879089355
2.92854642868042
2.86753511428833
2.86753511428833
1.3422504663467407
0.24404554069042206
0.12202277034521103
0.9151707887649536
1.708318829536438
0.732136607170105
0.4270797073841095
0.732136607170105
1.2202277183532715
1.2812390327453613
1.3422504663467407
1.0982049703598022
0.7931479811668396
0.7931479811668396
0.7931479811668396
0.854159414768219
0.7931479811668396
3.843717336654663
3.904728651046753
3.782705783843994
1.2202277183532715
1.2202277183532715
1.159216284751892
0.9761821627616882
0.9151707887649536
0.9761821627616882
0.9761821627616882
0.9761821627616882
1.0371935367584229
2.6845009326934814
2.501466751098633
2.0743870735168457
1.8303415775299072
1.7693301439285278
1.7693301439285278
1.8303415775299072
1.7693301439285278
4.697876453399658
4.880910873413086
4.514842510223389
2.2574212551116943
2.2574212551116943
1.708318829536438
1.7693301439285278
1.9523643255233765
2.013375759124756
1.9523643255233765
1.9523643255233765
2.013375759124756
3.1725919246673584
3.5386602878570557
3.5386602878570557
2.86753511428833
2.8065237998962402
2.8065237998962402
2.86753511428833
2.6845009326934814
4.880910873413086
6.589229583740234
4.819899559020996
3.355626106262207
3.0505692958831787
1.5862959623336792
1.891352891921997
2.989557981491089
2.989557981491089
2.92854642868042
2.92854642868042
2.92854642868042
3.477648973464966
3.843717336654663
4.209785461425781
4.148774147033691
3.5996718406677246
3.6606831550598145
3.6606831550598145
3.294614791870117
3.416637659072876
4.5758538246154785
4.758888244628906
4.453831195831299
2.989557981491089
2.5624780654907227
2.92854642868042
3.782705783843994
4.026751518249512
3.904728651046753
3.843717336654663
3.843717336654663
3.5386602878570557
3.477648973464966
2.92854642868042
2.7455122470855713
2.6845009326934814
2.92854642868042
2.501466751098633
2.501466751098633
1.6473073959350586
3.5996718406677246
4.087762832641602
5.307990550994873
4.453831195831299
3.477648973464966
2.5624780654907227
1.7693301439285278
4.880910873413086
5.6130475997924805
4.697876453399658
3.843717336654663
2.989557981491089
3.1725919246673584
5.307990550994873
4.392819881439209
3.416637659072876
2.501466751098633
1.46427321434021
0.4880910813808441
0.732136607170105
3.2336034774780273
4.331808567047119
5.002933502197266
4.148774147033691
3.294614791870117
2.8065237998962402
5.124956130981445
5.552036285400391
5.67405891418457
4.880910873413086
3.9657399654388428
3.1115806102752686
4.270796775817871
4.941922187805176
3.5386602878570557
2.7455122470855713
2.379444122314453
1.46427321434021
0.4880910813808441
0.4880910813808441
3.1115806102752686
4.941922187805176
5.430013179779053
4.453831195831299
3.1725919246673584
4.758888244628906
6.223161220550537
6.467206954956055
6.406195640563965
5.246979236602783
4.148774147033691
3.355626106262207
3.904728651046753
3.2336034774780273
2.013375759124756
0.9761821627616882
0.18303415179252625
1.3422504663467407
0.4880910813808441
0.6711252331733704
2.7455122470855713
3.843717336654663
4.941922187805176
5.0639448165893555
5.0639448165893555
6.162149906158447
5.979115962982178
5.73507022857666
5.85709285736084
5.0639448165893555
3.9657399654388428
4.026751518249512
4.087762832641602
2.989557981491089
1.9523643255233765
0.9761821627616882
0.0
0.854159414768219
0.4880910813808441
1.9523643255233765
1.3422504663467407
0.6711252331733704
1.891352891921997
4.392819881439209
6.101138591766357
3.2336034774780273
1.5252846479415894
1.5862959623336792
2.1353983879089355
1.6473073959350586
1.159216284751892
3.843717336654663
3.9657399654388428
2.989557981491089
1.9523643255233765
0.9761821627616882
0.0
0.732136607170105
0.4880910813808441
2.1964099407196045
1.2812390327453613
0.24404554069042206
0.3660683035850525
1.3422504663467407
4.148774147033691
2.013375759124756
0.9151707887649536
0.18303415179252625
2.318432569503784
1.4032618999481201
0.5491024851799011
0.12202277034521103
4.453831195831299
2.989557981491089
2.013375759124756
0.9761821627616882
0.0
0.6711252331733704
0.4270797073841095
2.2574212551116943
1.2812390327453613
0.30505692958831787
0.24404554069042206
0.854159414768219
3.416637659072876
1.9523643255233765
0.9151707887649536
0.12202277034521103
2.5624780654907227
1.5862959623336792
0.6101138591766357
0.0
2.7455122470855713
4.087762832641602
2.440455436706543
1.5252846479415894
0.9151707887649536
0.854159414768219
0.4880910813808441
2.2574212551116943
1.2812390327453613
0.30505692958831787
1.9523643255233765
0.9151707887649536
0.6101138591766357
1.9523643255233765
0.9761821627616882
1.6473073959350586
2.501466751098633
1.5862959623336792
0.6711252331733704
0.9151707887649536
4.148774147033691
4.087762832641602
2.8065237998962402
1.8303415775299072
0.854159414768219
0.061011385172605515
0.4270797073841095
2.2574212551116943
1.2812390327453613
0.30505692958831787
1.891352891921997
0.854159414768219
0.5491024851799011
0.732136607170105
4.331808567047119
3.355626106262207
2.2574212551116943
1.2812390327453613
0.18303415179252625
2.501466751098633
5.369001865386963
4.087762832641602
2.8065237998962402
1.8303415775299072
0.854159414768219
0.061011385172605515
0.4270797073841095
2.2574212551116943
1.2812390327453613
0.18303415179252625
1.8303415775299072
0.7931479811668396
1.0371935367584229
0.24404554069042206
4.270796775817871
3.294614791870117
2.2574212551116943
1.2812390327453613
0.24404554069042206
0.9151707887649536
5.002933502197266
4.087762832641602
2.92854642868042
1.891352891921997
0.9151707887649536
0.732136607170105
0.5491024851799011
6.162149906158447
4.5758538246154785
4.697876453399658
3.843717336654663
2.1353983879089355
1.0982049703598022
0.24404554069042206
4.270796775817871
3.2336034774780273
2.2574212551116943
1.2812390327453613
0.18303415179252625
1.0371935367584229
5.0639448165893555
4.819899559020996
4.087762832641602
2.92854642868042
2.013375759124756
1.3422504663467407
0.4880910813808441
4.941922187805176
6.162149906158447
5.6130475997924805
5.979115962982178
3.5386602878570557
1.5862959623336792
4.148774147033691
4.331808567047119
3.416637659072876
2.2574212551116943
1.3422504663467407
0.30505692958831787
1.3422504663467407
5.369001865386963
4.636865139007568
4.209785461425781
3.355626106262207
2.501466751098633
1.4032618999481201
0.5491024851799011
4.026751518249512
3.5996718406677246
3.2336034774780273
2.440455436706543
2.1353983879089355
1.9523643255233765
1.2202277183532715
0.6101138591766357
0.4270797073841095
0.4880910813808441
0.4270797073841095
0.4270797073841095
0.3660683035850525
0.5491024851799011
1.0371935367584229
1.5862959623336792
1.4032618999481201
1.0371935367584229
0.7931479811668396
0.7931479811668396
3.904728651046753
3.904728651046753
3.5996718406677246
3.477648973464966
3.294614791870117
2.6234896183013916
2.501466751098633
4.087762832641602
5.491024494171143
3.5996718406677246
2.8065237998962402
2.501466751098633
2.379444122314453
2.379444122314453
4.270796775817871
5.002933502197266
4.758888244628906
2.1353983879089355
1.7693301439285278
2.2574212551116943
3.782705783843994
4.5758538246154785
5.0639448165893555
4.880910873413086
4.087762832641602
3.843717336654663
4.209785461425781
6.223161220550537
6.833275318145752
6.284172534942627
5.6130475997924805
4.697876453399658
4.148774147033691
3.7216944694519043
4.026751518249512
4.087762832641602
4.087762832641602
4.148774147033691
4.270796775817871
4.331808567047119
3.7216944694519043
6.406195640563965
6.589229583740234
6.650240898132324
6.406195640563965
5.430013179779053
5.430013179779053
5.246979236602783
5.85709285736084
6.589229583740234
6.101138591766357
6.040127277374268
5.6130475997924805
4.453831195831299
3.1115806102752686
3.1115806102752686
3.1725919246673584
3.1725919246673584
3.355626106262207
3.477648973464966
5.307990550994873
5.552036285400391
5.552036285400391
6.040127277374268
6.162149906158447
5.979115962982178
4.392819881439209
3.355626106262207
3.477648973464966
3.416637659072876
2.86753511428833
2.5624780654907227
2.5624780654907227
3.355626106262207
2.1353983879089355
2.1353983879089355
2.1353983879089355
2.1964099407196045
2.440455436706543
2.440455436706543
4.514842510223389
4.514842510223389
4.514842510223389
4.392819881439209
4.148774147033691
3.5996718406677246
2.318432569503784
2.379444122314453
2.379444122314453
2.0743870735168457
1.708318829536438
1.5862959623336792
1.46427321434021
2.501466751098633
1.5252846479415894
1.159216284751892
1.159216284751892
1.159216284751892
1.2202277183532715
1.4032618999481201
3.477648973464966
3.5386602878570557
3.5386602878570557
3.355626106262207
3.2336034774780273
2.440455436706543
1.4032618999481201
1.3422504663467407
1.3422504663467407
1.0982049703598022
0.854159414768219
0.6711252331733704
0.6101138591766357
0.732136607170105
3.0505692958831787
3.5386602878570557
2.318432569503784
2.6845009326934814
2.318432569503784
1.4032618999481201
2.5624780654907227
2.501466751098633
2.501466751098633
2.379444122314453
2.2574212551116943
1.891352891921997
0.4270797073841095
0.24404554069042206
1.46427321434021
3.1725919246673584
2.318432569503784
0.30505692958831787
0.732136607170105
3.294614791870117
2.86753511428833
2.013375759124756
1.891352891921997
1.891352891921997
1.8303415775299072
1.891352891921997
1.5252846479415894
1.5252846479415894
1.5252846479415894
1.3422504663467407
1.2812390327453613
1.7693301439285278
1.5862959623336792
2.501466751098633
2.7455122470855713
2.6845009326934814
2.6845009326934814
2.7455122470855713
2.6845009326934814
2.6845009326934814
1.8303415775299072
0.9761821627616882
0.9151707887649536
0.9151707887649536
0.854159414768219
1.46427321434021
0.5491024851799011
0.5491024851799011
0.4880910813808441
0.4880910813808441
0.5491024851799011
1.0982049703598022
1.2202277183532715
1.5252846479415894
1.6473073959350586
1.6473073959350586
1.6473073959350586
1.708318829536438
1.6473073959350586
1.7693301439285278
1.3422504663467407
0.12202277034521103
0.061011385172605515
0.0
0.4270797073841095
1.7693301439285278
1.46427321434021
1.46427321434021
1.2812390327453613
0.7931479811668396
0.6101138591766357
0.24404554069042206
0.4880910813808441
0.6711252331733704
0.6101138591766357
0.6711252331733704
0.6711252331733704
0.732136607170105
1.0371935367584229
1.4032618999481201
1.46427321434021
1.3422504663467407
1.2812390327453613
1.3422504663467407
1.46427321434021
1.46427321434021
0.732136607170105
0.6711252331733704
0.732136607170105
0.6711252331733704
0.6711252331733704
0.4880910813808441
0.4880910813808441
0.4270797073841095
0.5491024851799011
0.5491024851799011
0.4270797073841095
0.4270797073841095
0.4880910813808441
0.5491024851799011
0.5491024851799011
0.6101138591766357
0.6101138591766357
0.6101138591766357
0.5491024851799011
0.5491024851799011