0.5232847929000854
1.511711597442627
2.3257100582122803
3.0815658569335938
3.6629934310913086
4.1281352043151855
2.3257100582122803
3.0815658569335938
3.895564317703247
2.6164238452911377
3.0815658569335938
1.6861398220062256
2.5582809448242188
3.430422306060791
4.069992542266846
0.7558557987213135
0.23257100582122803
0.9302840232849121
1.976853609085083
3.023423194885254
4.011849880218506
5.349133014678955
6.802701950073242
4.360706329345703
4.6514201164245605
3.2559940814971924
2.1512818336486816
3.1397085189819336
4.186278343200684
5.407275676727295
6.104989051818848
2.3257100582122803
3.1397085189819336
3.1978514194488525
3.0815658569335938
3.2559940814971924
0.9302840232849121
1.9187108278274536
2.7908520698547363
3.372279644012451
0.5232847929000854
1.511711597442627
2.3257100582122803
2.907137632369995
3.7211360931396484
4.6514201164245605
2.3257100582122803
3.1978514194488525
3.54670786857605
2.441995620727539
3.1397085189819336
1.7442824840545654
2.6164238452911377
3.54670786857605
4.186278343200684
0.7558557987213135
1.046569585800171
0.9302840232849121
2.034996271133423
3.023423194885254
4.011849880218506
5.1747050285339355
7.1515583992004395
4.1281352043151855
4.7095627784729
1.1047122478485107
2.1512818336486816
3.1397085189819336
4.186278343200684
5.407275676727295
2.38385272026062
2.2675673961639404
3.2559940814971924
3.430422306060791
2.7908520698547363
1.6279970407485962
0.9302840232849121
1.8605680465698242
2.848994731903076
3.372279644012451
0.5232847929000854
1.511711597442627
2.500138282775879
2.965280294418335
3.7792787551879883
4.593277454376221
2.500138282775879
3.1397085189819336
2.093139171600342
2.5582809448242188
3.1978514194488525
2.093139171600342
2.6164238452911377
3.430422306060791
4.011849880218506
2.5582809448242188
1.8605680465698242
1.3954260349273682
1.976853609085083
3.0815658569335938
4.011849880218506
5.058419227600098
5.87241792678833
4.1281352043151855
3.6629934310913086
1.2209978103637695
2.1512818336486816
3.1397085189819336
4.1281352043151855
5.232847690582275
4.6514201164245605
2.500138282775879
3.3141367435455322
3.54670786857605
3.2559940814971924
1.8605680465698242
0.9884268045425415
1.8605680465698242
2.7908520698547363
1.7442824840545654
0.5232847929000854
1.511711597442627
2.500138282775879
3.3141367435455322
4.1281352043151855
4.942133903503418
2.7327094078063965
3.1397085189819336
2.1512818336486816
2.6745665073394775
3.3141367435455322
3.1397085189819336
2.6745665073394775
3.372279644012451
3.430422306060791
2.2094244956970215
2.6745665073394775
1.6861398220062256
2.2675673961639404
3.023423194885254
3.8374216556549072
4.76770544052124
3.8374216556549072
3.3141367435455322
3.372279644012451
1.3372832536697388
2.2094244956970215
3.0815658569335938
4.069992542266846
4.244421005249023
3.1397085189819336
2.093139171600342
3.372279644012451
2.7327094078063965
3.372279644012451
3.0815658569335938
1.3372832536697388
1.8605680465698242
2.7908520698547363
0.29071375727653503
0.5232847929000854
1.511711597442627
2.500138282775879
3.488564968109131
4.418848991394043
5.407275676727295
4.7095627784729
3.488564968109131
2.6164238452911377
2.848994731903076
3.372279644012451
3.6629934310913086
2.7908520698547363
3.430422306060791
4.186278343200684
2.441995620727539
3.023423194885254
2.38385272026062
2.441995620727539
3.1397085189819336
3.8374216556549072
4.418848991394043
3.488564968109131
3.3141367435455322
3.430422306060791
1.7442824840545654
2.38385272026062
3.1978514194488525
2.907137632369995
2.7327094078063965
2.7327094078063965
0.46514201164245605
1.3954260349273682
2.38385272026062
3.372279644012451
4.418848991394043
1.2791404724121094
2.3257100582122803
3.2559940814971924
0.40699926018714905
0.46514201164245605
1.511711597442627
2.500138282775879
3.488564968109131
4.476991653442383
5.407275676727295
5.6398468017578125
3.430422306060791
2.7327094078063965
2.907137632369995
3.372279644012451
3.7211360931396484
2.7327094078063965
3.2559940814971924
4.011849880218506
2.5582809448242188
3.2559940814971924
2.500138282775879
2.6164238452911377
3.1978514194488525
3.895564317703247
4.302563667297363
3.0815658569335938
3.1978514194488525
3.430422306060791
3.7211360931396484
2.6745665073394775
3.1397085189819336
1.8024252653121948
1.976853609085083
0.6977130174636841
0.34885650873184204
1.3954260349273682
2.38385272026062
3.372279644012451
4.476991653442383
2.2675673961639404
2.2094244956970215
1.1628550291061401
0.40699926018714905
0.5232847929000854
1.4535688161849976
2.500138282775879
3.488564968109131
4.418848991394043
5.1747050285339355
1.976853609085083
2.6745665073394775
2.7327094078063965
3.430422306060791
2.7908520698547363
3.1978514194488525
2.2675673961639404
3.1397085189819336
3.3141367435455322
2.6164238452911377
3.372279644012451
1.6279970407485962
1.8024252653121948
2.907137632369995
3.6048505306243896
4.302563667297363
2.093139171600342
2.7908520698547363
3.0815658569335938
3.488564968109131
2.1512818336486816
2.6164238452911377
1.7442824840545654
1.511711597442627
0.34885650873184204
0.40699926018714905
1.4535688161849976
2.441995620727539
3.430422306060791
4.476991653442383
5.349133014678955
1.7442824840545654
1.1628550291061401
0.34885650873184204
0.5232847929000854
1.4535688161849976
2.500138282775879
3.372279644012451
4.069992542266846
1.8024252653121948
1.6279970407485962
1.6861398220062256
2.2675673961639404
1.9187108278274536
2.441995620727539
1.2791404724121094
2.034996271133423
2.907137632369995
3.6048505306243896
3.023423194885254
2.6164238452911377
0.5814275145530701
1.4535688161849976
2.441995620727539
3.430422306060791
1.9187108278274536
1.6861398220062256
1.8605680465698242
2.6745665073394775
3.3141367435455322
1.6861398220062256
2.500138282775879
0.6395702362060547
1.511711597442627
0.40699926018714905
0.46514201164245605
1.4535688161849976
2.441995620727539
3.430422306060791
4.476991653442383
5.000276565551758
2.2094244956970215
1.6279970407485962
0.23257100582122803
0.5232847929000854
1.4535688161849976
2.441995620727539
3.372279644012451
2.848994731903076
3.6629934310913086
1.511711597442627
1.5698542594909668
1.6279970407485962
1.511711597442627
1.9187108278274536
1.511711597442627
1.7442824840545654
2.6745665073394775
2.441995620727539
1.3372832536697388
1.2209978103637695
0.29071375727653503
1.2791404724121094
2.2094244956970215
3.2559940814971924
0.9884268045425415
1.3954260349273682
1.6279970407485962
2.093139171600342
2.6745665073394775
1.3372832536697388
1.511711597442627
0.6395702362060547
1.6861398220062256
0.5232847929000854
0.46514201164245605
1.4535688161849976
2.500138282775879
3.488564968109131
4.535134792327881
3.8374216556549072
2.2094244956970215
3.1397085189819336
0.23257100582122803
0.5232847929000854
1.4535688161849976
1.046569585800171
1.1628550291061401
2.2094244956970215
3.1978514194488525
1.3954260349273682
1.511711597442627
1.1628550291061401
1.2791404724121094
1.1628550291061401
1.4535688161849976
1.4535688161849976
2.5582809448242188
0.9302840232849121
1.2209978103637695
0.9884268045425415
0.9302840232849121
1.2209978103637695
2.2675673961639404
4.011849880218506
0.8139985203742981
0.6395702362060547
1.6861398220062256
2.7908520698547363
2.7908520698547363
1.046569585800171
1.7442824840545654
0.8139985203742981
1.7442824840545654
0.46514201164245605
0.46514201164245605
1.511711597442627
2.500138282775879
3.488564968109131
4.476991653442383
4.418848991394043
2.1512818336486816
2.500138282775879
0.11628550291061401
0.5232847929000854
1.511711597442627
0.23257100582122803
1.2209978103637695
2.2094244956970215
3.1978514194488525
4.011849880218506
1.5698542594909668
0.6395702362060547
0.9302840232849121
0.8721412420272827
0.9302840232849121
1.2791404724121094
0.7558557987213135
0.9302840232849121
2.2675673961639404
0.34885650873184204
1.3372832536697388
2.2675673961639404
2.5582809448242188
0.34885650873184204
0.40699926018714905
0.5814275145530701
1.6861398220062256
2.6164238452911377
3.488564968109131
0.6977130174636841
1.5698542594909668
0.7558557987213135
1.3372832536697388
0.5232847929000854
0.46514201164245605
1.4535688161849976
2.500138282775879
3.430422306060791
4.6514201164245605
4.302563667297363
2.1512818336486816
1.4535688161849976
0.17442825436592102
0.5232847929000854
1.5698542594909668
0.17442825436592102
1.1628550291061401
2.2094244956970215
3.1978514194488525
3.953707218170166
5.75613260269165
0.6395702362060547
0.8139985203742981
0.6395702362060547
1.6279970407485962
1.2209978103637695
0.40699926018714905
1.046569585800171
2.093139171600342
3.372279644012451
1.2209978103637695
2.1512818336486816
3.0815658569335938
0.23257100582122803
0.6395702362060547
0.6395702362060547
1.6861398220062256
2.6164238452911377
3.430422306060791
0.6977130174636841
1.8024252653121948
0.40699926018714905
1.2209978103637695
0.5232847929000854
0.46514201164245605
1.4535688161849976
2.500138282775879
3.488564968109131
4.476991653442383
2.034996271133423
2.5582809448242188
1.8024252653121948
0.17442825436592102
0.5232847929000854
0.8721412420272827
0.11628550291061401
1.1628550291061401
2.1512818336486816
3.1397085189819336
4.011849880218506
5.1747050285339355
1.046569585800171
0.8721412420272827
0.5232847929000854
1.511711597442627
0.34885650873184204
0.23257100582122803
1.1047122478485107
2.1512818336486816
3.1978514194488525
1.2791404724121094
3.023423194885254
3.3141367435455322
0.17442825436592102
0.5232847929000854
0.8139985203742981
1.5698542594909668
2.6745665073394775
3.1978514194488525
3.895564317703247
5.523561477661133
0.40699926018714905
1.2209978103637695
0.9884268045425415
0.46514201164245605
1.4535688161849976
2.441995620727539
3.54670786857605
4.535134792327881
1.6279970407485962
2.7327094078063965
0.46514201164245605
0.23257100582122803
0.46514201164245605
0.40699926018714905
0.11628550291061401
1.1628550291061401
2.1512818336486816
3.1397085189819336
4.011849880218506
4.942133903503418
3.54670786857605
3.430422306060791
3.488564968109131
1.4535688161849976
0.34885650873184204
0.17442825436592102
1.1047122478485107
2.093139171600342
3.0815658569335938
3.953707218170166
8.139985084533691
4.883991241455078
0.11628550291061401
0.46514201164245605
1.4535688161849976
1.1047122478485107
2.1512818336486816
3.0815658569335938
3.8374216556549072
5.523561477661133
6.6864166259765625
5.523561477661133
1.2791404724121094
0.9884268045425415
1.6279970407485962
2.6164238452911377
3.953707218170166
4.883991241455078
1.6861398220062256
2.5582809448242188
3.0815658569335938
0.29071375727653503
0.5232847929000854
0.34885650873184204
0.11628550291061401
1.1628550291061401
2.1512818336486816
3.1397085189819336
2.38385272026062
1.046569585800171
2.1512818336486816
3.1397085189819336
4.011849880218506
5.1747050285339355
0.34885650873184204
0.17442825436592102
1.1047122478485107
2.093139171600342
3.0815658569335938
4.011849880218506
7.732985973358154
5.1165618896484375
0.23257100582122803
0.40699926018714905
1.4535688161849976
2.5582809448242188
3.2559940814971924
3.7792787551879883
6.046846389770508
6.860844612121582
5.290990352630615
3.0815658569335938
0.29071375727653503
1.1628550291061401
2.093139171600342
3.1978514194488525
4.186278343200684
5.1747050285339355
5.98870325088501
4.302563667297363
3.0815658569335938
0.17442825436592102
0.5232847929000854
0.34885650873184204
0.11628550291061401
1.1628550291061401
2.1512818336486816
3.1397085189819336
0.11628550291061401
1.1047122478485107
2.093139171600342
3.0815658569335938
4.1281352043151855
5.349133014678955
1.2791404724121094
0.5232847929000854
1.1628550291061401
2.1512818336486816
3.023423194885254
4.069992542266846
5.523561477661133
3.1397085189819336
0.7558557987213135
0.46514201164245605
1.3372832536697388
2.2094244956970215
2.965280294418335
3.488564968109131
4.593277454376221
5.98870325088501
5.465418815612793
0.6395702362060547
0.17442825436592102
1.1628550291061401
2.1512818336486816
3.1978514194488525
4.302563667297363
5.232847690582275
6.046846389770508
7.558557510375977
4.535134792327881
0.17442825436592102
0.5232847929000854
0.46514201164245605
0.17442825436592102
1.1628550291061401
2.2094244956970215
3.2559940814971924
0.11628550291061401
1.1047122478485107
2.093139171600342
3.0815658569335938
4.1281352043151855
5.407275676727295
0.40699926018714905
1.4535688161849976
2.38385272026062
3.023423194885254
0.46514201164245605
0.8721412420272827
1.976853609085083
3.0815658569335938
4.069992542266846
4.825848579406738
4.883991241455078
4.476991653442383
3.953707218170166
3.430422306060791
3.7792787551879883
4.476991653442383
1.046569585800171
0.34885650873184204
0.17442825436592102
1.1628550291061401
2.2094244956970215
3.1978514194488525
4.244421005249023
5.232847690582275
5.98870325088501
6.918987274169922
5.1747050285339355
0.17442825436592102
0.46514201164245605
0.40699926018714905
0.17442825436592102
1.1628550291061401
2.1512818336486816
3.1978514194488525
0.11628550291061401
1.1047122478485107
2.1512818336486816
3.1397085189819336
4.186278343200684
5.232847690582275
0.8139985203742981
1.4535688161849976
2.441995620727539
3.372279644012451
0.29071375727653503
1.046569585800171
2.034996271133423
3.023423194885254
4.011849880218506
5.000276565551758
1.2791404724121094
2.3257100582122803
4.011849880218506
3.8374216556549072
3.953707218170166
4.360706329345703
1.046569585800171
0.40699926018714905
0.11628550291061401
1.1628550291061401
2.2094244956970215
3.1978514194488525
4.244421005249023
5.290990352630615
5.87241792678833
7.907414436340332
7.1515583992004395
0.17442825436592102
0.5232847929000854
0.46514201164245605
0.17442825436592102
1.1047122478485107
2.034996271133423
3.1397085189819336
0.11628550291061401
1.1628550291061401
2.1512818336486816
3.023423194885254
2.38385272026062
1.511711597442627
2.500138282775879
1.2209978103637695
2.3257100582122803
3.3141367435455322
0.11628550291061401
1.046569585800171
2.034996271133423
3.023423194885254
4.011849880218506
4.942133903503418
5.93056058883667
2.6745665073394775
3.7792787551879883
3.6048505306243896
3.895564317703247
4.1281352043151855
1.5698542594909668
0.6977130174636841
0.11628550291061401
1.2209978103637695
2.2094244956970215
3.1978514194488525
4.244421005249023
5.349133014678955
5.93056058883667
7.616700649261475
5.581704139709473
0.23257100582122803
0.5814275145530701
0.6395702362060547
0.23257100582122803
0.9302840232849121
1.9187108278274536
3.0815658569335938
0.17442825436592102
1.1628550291061401
2.093139171600342
2.7908520698547363
0.5232847929000854
1.511711597442627
2.500138282775879
3.54670786857605
3.6048505306243896
3.54670786857605
0.23257100582122803
1.046569585800171
2.034996271133423
3.023423194885254
3.953707218170166
4.883991241455078
5.75613260269165
5.87241792678833
4.186278343200684
3.488564968109131
3.488564968109131
3.488564968109131
2.2675673961639404
2.5582809448242188
1.7442824840545654
1.2791404724121094
2.2675673961639404
3.1978514194488525
4.011849880218506
5.1747050285339355
5.232847690582275
5.1165618896484375
3.54670786857605
0.29071375727653503
0.5814275145530701
1.4535688161849976
1.3372832536697388
0.8139985203742981
1.9187108278274536
3.3141367435455322
4.302563667297363
1.2209978103637695
1.511711597442627
0.40699926018714905
0.5232847929000854
1.511711597442627
2.500138282775879
3.6048505306243896
5.000276565551758
5.93056058883667
0.34885650873184204
0.9884268045425415
1.976853609085083
3.023423194885254
3.895564317703247
4.825848579406738
5.407275676727295
5.290990352630615
5.058419227600098
3.895564317703247
3.1978514194488525
3.3141367435455322
2.2094244956970215
2.965280294418335
3.372279644012451
3.1978514194488525
2.6164238452911377
3.2559940814971924
3.895564317703247
4.069992542266846
3.953707218170166
3.895564317703247
1.8605680465698242
0.23257100582122803
0.5232847929000854
1.4535688161849976
2.2675673961639404
2.848994731903076
3.2559940814971924
3.6629934310913086
4.186278343200684
3.6048505306243896
2.38385272026062
0.7558557987213135
0.5232847929000854
1.511711597442627
2.5582809448242188
3.54670786857605
6.1631317138671875
5.81427526473999
4.418848991394043
0.9302840232849121
1.9187108278274536
2.6164238452911377
3.6048505306243896
4.825848579406738
5.232847690582275
4.186278343200684
4.244421005249023
3.7211360931396484
3.3141367435455322
3.488564968109131
2.500138282775879
3.0815658569335938
3.7211360931396484
4.244421005249023
4.069992542266846
4.011849880218506
5.000276565551758
5.407275676727295
4.825848579406738
3.953707218170166
2.5582809448242188
0.23257100582122803
0.46514201164245605
1.4535688161849976
2.441995620727539
3.3141367435455322
4.1281352043151855
5.000276565551758
4.6514201164245605
3.953707218170166
3.6629934310913086
1.7442824840545654
1.046569585800171
1.6279970407485962
2.500138282775879
0.5814275145530701
1.4535688161849976
3.7792787551879883
5.465418815612793
2.7908520698547363
0.6977130174636841
1.5698542594909668
2.6745665073394775
4.011849880218506
5.232847690582275
2.848994731903076
2.2675673961639404
3.0815658569335938
3.8374216556549072
3.6048505306243896
3.2559940814971924
3.6629934310913086
4.593277454376221
5.349133014678955
5.81427526473999
5.98870325088501
6.918987274169922
6.104989051818848
3.1978514194488525
3.2559940814971924
1.1628550291061401
0.17442825436592102
0.5232847929000854
1.4535688161849976
2.3257100582122803
3.1978514194488525
3.8374216556549072
4.186278343200684
3.488564968109131
2.6164238452911377
1.9187108278274536
2.500138282775879
1.511711597442627
0.9302840232849121
1.4535688161849976
2.2094244956970215
3.3141367435455322
5.1165618896484375
4.883991241455078
4.76770544052124
3.54670786857605
5.058419227600098
2.1512818336486816
1.9187108278274536
1.4535688161849976
1.8024252653121948
2.441995620727539
3.0815658569335938
3.6629934310913086
2.907137632369995
3.023423194885254
3.430422306060791
3.953707218170166
4.7095627784729
5.523561477661133
6.221274375915527
6.6864166259765625
5.81427526473999
3.372279644012451
2.6745665073394775
1.1628550291061401
0.17442825436592102
0.5232847929000854
0.5232847929000854
0.5232847929000854
0.5232847929000854
0.5232847929000854
0.5232847929000854
0.5232847929000854
0.5232847929000854
0.5232847929000854
0.5814275145530701
0.5232847929000854
0.5232847929000854
0.5232847929000854
0.5232847929000854
0.5232847929000854
0.5232847929000854
0.46514201164245605
0.5232847929000854
0.5232847929000854
0.5232847929000854
0.5232847929000854
0.5232847929000854
0.5232847929000854
0.5232847929000854
0.5232847929000854
0.5232847929000854
0.46514201164245605
0.5232847929000854
0.46514201164245605
0.5232847929000854
0.5232847929000854
0.5232847929000854
0.5232847929000854
0.5232847929000854
0.5232847929000854
0.5232847929000854
0.5232847929000854
0.5232847929000854
0.5232847929000854
0.5232847929000854
1.4535688161849976
1.4535688161849976
1.4535688161849976
1.4535688161849976
1.4535688161849976
1.4535688161849976
1.4535688161849976
1.4535688161849976
1.4535688161849976
1.4535688161849976
1.4535688161849976
1.4535688161849976
1.4535688161849976
1.511711597442627
1.511711597442627
1.511711597442627
1.511711597442627
1.4535688161849976
1.511711597442627
1.511711597442627
1.511711597442627
1.511711597442627
1.511711597442627
1.511711597442627
1.4535688161849976
1.4535688161849976
1.511711597442627
1.511711597442627
1.511711597442627
1.511711597442627
1.4535688161849976
1.4535688161849976
1.511711597442627
1.4535688161849976
1.4535688161849976
1.4535688161849976
1.4535688161849976
1.4535688161849976
1.4535688161849976
1.511711597442627
2.5582809448242188
2.500138282775879
2.441995620727539
2.38385272026062
2.441995620727539
2.441995620727539
2.441995620727539
2.500138282775879
2.441995620727539
2.441995620727539
2.500138282775879
2.500138282775879
2.500138282775879
2.500138282775879
2.441995620727539
2.500138282775879
2.500138282775879
2.500138282775879
2.441995620727539
2.500138282775879
2.500138282775879
2.500138282775879
2.500138282775879
2.500138282775879
2.441995620727539
2.441995620727539
2.441995620727539
2.441995620727539
2.441995620727539
2.500138282775879
2.500138282775879
2.441995620727539
2.500138282775879
2.500138282775879
2.500138282775879
2.500138282775879
2.441995620727539
2.441995620727539
2.441995620727539
2.3257100582122803
3.430422306060791
3.430422306060791
3.430422306060791
3.372279644012451
3.430422306060791
3.430422306060791
3.488564968109131
3.488564968109131
3.488564968109131
3.430422306060791
3.488564968109131
3.488564968109131
3.54670786857605
3.488564968109131
3.430422306060791
3.54670786857605
3.54670786857605
3.488564968109131
3.54670786857605
3.488564968109131
3.488564968109131
3.488564968109131
3.488564968109131
3.488564968109131
3.430422306060791
3.488564968109131
3.488564968109131
3.430422306060791
3.430422306060791
3.430422306060791
3.430422306060791
3.6048505306243896
3.7211360931396484
3.6629934310913086
3.54670786857605
3.488564968109131
3.2559940814971924
1.976853609085083
2.2675673961639404
1.1628550291061401
3.953707218170166
4.360706329345703
4.476991653442383
4.418848991394043
4.535134792327881
4.535134792327881
4.535134792327881
4.535134792327881
4.535134792327881
4.535134792327881
4.593277454376221
4.535134792327881
4.593277454376221
4.476991653442383
4.535134792327881
4.476991653442383
4.535134792327881
4.476991653442383
4.476991653442383
4.476991653442383
4.535134792327881
4.593277454376221
4.535134792327881
4.476991653442383
4.476991653442383
4.418848991394043
4.418848991394043
4.418848991394043
4.360706329345703
4.360706329345703
4.825848579406738
0.23257100582122803
0.11628550291061401
0.05814275145530701
0.23257100582122803
1.1628550291061401
3.6629934310913086
3.023423194885254
2.3257100582122803
1.8605680465698242
4.1281352043151855
4.76770544052124
5.1747050285339355
5.349133014678955
5.407275676727295
5.465418815612793
5.581704139709473
5.523561477661133
5.523561477661133
5.581704139709473
5.581704139709473
5.581704139709473
5.6398468017578125
5.697989463806152
5.6398468017578125
5.6398468017578125
5.523561477661133
5.407275676727295
5.523561477661133
5.465418815612793
5.523561477661133
5.523561477661133
5.581704139709473
5.581704139709473
5.465418815612793
5.465418815612793
5.465418815612793
5.581704139709473
5.581704139709473
3.023423194885254
0.9302840232849121
0.9302840232849121
0.9302840232849121
0.9302840232849121
0.9884268045425415
1.1047122478485107
1.2209978103637695
1.2791404724121094
1.046569585800171
1.6861398220062256
4.302563667297363
5.407275676727295
6.6282734870910645
6.511988162994385
6.395702838897705
6.570130825042725
6.6282734870910645
6.977129936218262
6.6864166259765625
6.6282734870910645
6.511988162994385
6.744559288024902
6.221274375915527
6.6864166259765625
6.511988162994385
6.860844612121582
6.744559288024902
6.221274375915527
0.6977130174636841
2.848994731903076
5.1747050285339355
5.6398468017578125
5.98870325088501
6.1631317138671875
6.570130825042725
6.802701950073242
6.6282734870910645
6.395702838897705
2.7908520698547363
1.8024252653121948
1.8605680465698242
1.9187108278274536
1.9187108278274536
1.9187108278274536
1.9187108278274536
1.7442824840545654
1.1628550291061401
0.6977130174636841
1.3954260349273682
1.1047122478485107
3.3141367435455322
3.54670786857605
5.1165618896484375
4.942133903503418
4.535134792327881
3.1978514194488525
2.965280294418335
3.488564968109131
4.825848579406738
5.75613260269165
5.81427526473999
3.372279644012451
2.500138282775879
3.1397085189819336
3.953707218170166
5.058419227600098
4.244421005249023
0.9302840232849121
0.5232847929000854
0.46514201164245605
0.6977130174636841
0.6977130174636841
0.9302840232849121
3.372279644012451
4.6514201164245605
4.186278343200684
2.38385272026062
3.023423194885254
0.7558557987213135
1.2791404724121094
2.848994731903076
2.907137632369995
2.907137632369995
2.965280294418335
2.965280294418335
2.848994731903076
1.511711597442627
0.8139985203742981
1.4535688161849976
1.511711597442627
3.3141367435455322
3.430422306060791
3.1397085189819336
1.4535688161849976
1.1047122478485107
1.1047122478485107
2.38385272026062
2.965280294418335
3.3141367435455322
3.3141367435455322
2.3257100582122803
1.9187108278274536
1.8605680465698242
1.6861398220062256
3.1978514194488525
0.8721412420272827
0.40699926018714905
0.29071375727653503
0.17442825436592102
0.17442825436592102
0.9884268045425415
1.1628550291061401
0.7558557987213135
0.9302840232849121
1.2209978103637695
1.1628550291061401
1.8024252653121948
2.1512818336486816
1.2791404724121094
2.2675673961639404
3.953707218170166
3.895564317703247
3.953707218170166
3.953707218170166
3.953707218170166
3.8374216556549072
1.7442824840545654
0.5814275145530701
2.2094244956970215
2.441995620727539
1.1047122478485107
0.5232847929000854
0.34885650873184204
0.29071375727653503
0.23257100582122803
0.29071375727653503
0.8721412420272827
1.1047122478485107
2.093139171600342
2.5582809448242188
1.5698542594909668
0.5814275145530701
0.34885650873184204
0.5814275145530701
0.8721412420272827
0.6977130174636841
1.046569585800171
1.2209978103637695
1.1628550291061401
1.1628550291061401
1.046569585800171
0.7558557987213135
0.8139985203742981
0.6977130174636841
1.1047122478485107
1.046569585800171
0.5232847929000854
0.5232847929000854
1.1047122478485107
2.1512818336486816
5.058419227600098
4.942133903503418
4.942133903503418
5.000276565551758
4.942133903503418
5.232847690582275
1.5698542594909668
1.4535688161849976
1.4535688161849976
1.511711597442627
0.40699926018714905
1.2209978103637695
1.2791404724121094
1.2791404724121094
1.2791404724121094
1.2791404724121094
1.2209978103637695
1.1628550291061401
0.9884268045425415
1.3954260349273682
1.2209978103637695
0.8721412420272827
0.5814275145530701
0.5814275145530701
0.40699926018714905
0.6977130174636841
0.11628550291061401
0.11628550291061401
0.8139985203742981
0.46514201164245605
0.40699926018714905
0.29071375727653503
0.29071375727653503
0.29071375727653503
0.29071375727653503
0.5814275145530701
0.5814275145530701
1.1047122478485107
1.2791404724121094
2.1512818336486816
6.570130825042725
6.104989051818848
6.046846389770508
6.046846389770508
6.046846389770508
5.93056058883667
2.907137632369995
0.5814275145530701
2.1512818336486816
2.5582809448242188
1.2209978103637695
1.3954260349273682
2.2094244956970215
2.2675673961639404
2.2675673961639404
2.2094244956970215
2.093139171600342
1.5698542594909668
1.2209978103637695
1.6279970407485962
1.1628550291061401
1.3954260349273682
0.6977130174636841
0.5232847929000854
0.5814275145530701
0.6395702362060547
0.8139985203742981
0.8721412420272827
0.8139985203742981
1.2209978103637695
1.3372832536697388
1.1047122478485107
1.3372832536697388
1.2791404724121094
1.2209978103637695
1.1047122478485107
0.46514201164245605
1.1047122478485107
1.1047122478485107
1.9187108278274536
7.03527307510376
7.1515583992004395
7.209701061248779
7.325986862182617
6.918987274169922
3.430422306060791
1.3954260349273682
1.2791404724121094
1.1628550291061401
1.3954260349273682
2.2094244956970215
2.6164238452911377
3.1978514194488525
3.2559940814971924
3.2559940814971924
3.1978514194488525
3.3141367435455322
0.46514201164245605
0.6395702362060547
0.9302840232849121
0.6395702362060547
1.2791404724121094
1.511711597442627
1.5698542594909668
1.5698542594909668
1.6279970407485962
1.7442824840545654
1.8024252653121948
1.3372832536697388
0.46514201164245605
0.6395702362060547
0.6977130174636841
0.9302840232849121
0.40699926018714905
0.34885650873184204
0.34885650873184204
0.6977130174636841
0.7558557987213135
0.8139985203742981
1.6279970407485962
5.523561477661133
7.907414436340332
7.6748433113098145
7.442272186279297
4.069992542266846
1.4535688161849976
1.1047122478485107
2.1512818336486816
1.8605680465698242
1.976853609085083
0.6395702362060547
3.953707218170166
4.302563667297363
4.244421005249023
4.244421005249023
4.244421005249023
1.3954260349273682
1.046569585800171
1.2209978103637695
1.2209978103637695
1.4535688161849976
1.6861398220062256
2.7327094078063965
2.5582809448242188
2.6164238452911377
2.6164238452911377
2.6745665073394775
2.848994731903076
1.046569585800171
1.1628550291061401
1.6861398220062256
1.6279970407485962
1.6861398220062256
1.2209978103637695
0.9302840232849121
1.046569585800171
0.9302840232849121
0.7558557987213135
0.9302840232849121
0.8139985203742981
0.5814275145530701
0.5232847929000854
2.7327094078063965
0.23257100582122803
0.23257100582122803
0.17442825436592102
0.11628550291061401
0.46514201164245605
3.023423194885254
2.907137632369995
1.4535688161849976
4.942133903503418
5.232847690582275
5.232847690582275
5.232847690582275
5.232847690582275
0.29071375727653503
0.11628550291061401
0.11628550291061401
0.17442825436592102
0.29071375727653503
0.6977130174636841
3.6048505306243896
3.6629934310913086
3.6048505306243896
3.6048505306243896
3.6629934310913086
2.093139171600342
0.9884268045425415
1.046569585800171
2.6745665073394775
2.6745665073394775
2.6164238452911377
2.441995620727539
2.093139171600342
1.976853609085083
1.8024252653121948
1.6861398220062256
1.6279970407485962
1.2791404724121094
0.6977130174636841
1.1628550291061401
1.1628550291061401
1.1047122478485107
1.1047122478485107
1.1047122478485107
1.1628550291061401
1.1047122478485107
0.8139985203742981
0.8721412420272827
1.9187108278274536
5.98870325088501
6.046846389770508
6.1631317138671875
6.221274375915527
6.104989051818848
0.9884268045425415
0.8721412420272827
0.8721412420272827
0.8721412420272827
0.8721412420272827
0.8721412420272827
1.8605680465698242
4.76770544052124
4.6514201164245605
4.535134792327881
4.76770544052124
1.046569585800171
1.5698542594909668
1.6279970407485962
3.8374216556549072
3.6048505306243896
3.488564968109131
3.1978514194488525
3.1397085189819336
2.965280294418335
2.907137632369995
2.848994731903076
2.7908520698547363
1.3372832536697388
0.9302840232849121
1.1628550291061401
2.1512818336486816
2.1512818336486816
2.1512818336486816
2.093139171600342
2.1512818336486816
2.093139171600342
1.9187108278274536
1.511711597442627
3.2559940814971924
6.744559288024902
6.918987274169922
7.0934157371521
7.325986862182617
7.500414848327637
1.976853609085083
1.9187108278274536
1.8605680465698242
1.9187108278274536
1.9187108278274536
1.976853609085083
0.8139985203742981
0.8139985203742981
0.9884268045425415
1.7442824840545654
1.6279970407485962
1.5698542594909668
1.511711597442627
1.3954260349273682
1.2209978103637695
1.5698542594909668
3.7792787551879883
4.069992542266846
4.1281352043151855
4.1281352043151855
3.895564317703247
3.895564317703247
2.965280294418335
2.093139171600342
2.034996271133423
2.38385272026062
3.1397085189819336
3.1397085189819336
3.0815658569335938
3.0815658569335938
3.1397085189819336
3.023423194885254
2.907137632369995
1.9187108278274536
4.069992542266846
6.860844612121582
7.791128635406494
8.139985084533691
8.023699760437012
5.98870325088501
3.023423194885254
2.907137632369995
2.907137632369995
2.907137632369995
2.965280294418335
2.965280294418335
1.7442824840545654
1.6861398220062256
1.6861398220062256
2.441995620727539
2.6164238452911377
2.5582809448242188
2.441995620727539
2.38385272026062
2.441995620727539
2.1512818336486816
0.9884268045425415
0.6977130174636841
3.7792787551879883
4.6514201164245605
4.76770544052124
5.1747050285339355
2.848994731903076
2.6745665073394775
2.965280294418335
3.2559940814971924
3.953707218170166
4.069992542266846
4.069992542266846
4.069992542266846
4.1281352043151855
4.011849880218506
4.1281352043151855
3.0815658569335938
4.535134792327881
6.860844612121582
9.128412246704102
9.244697570800781
9.070269584655762
5.75613260269165
4.011849880218506
3.7792787551879883
3.3141367435455322
1.976853609085083
0.5232847929000854
0.23257100582122803
0.23257100582122803
2.6745665073394775
2.7327094078063965
3.372279644012451
3.7211360931396484
3.54670786857605
3.430422306060791
3.372279644012451
3.430422306060791
3.1978514194488525
2.2675673961639404
1.7442824840545654
2.907137632369995
4.76770544052124
5.058419227600098
4.593277454376221
3.1397085189819336
3.1397085189819336
3.3141367435455322
4.1281352043151855
4.593277454376221
4.76770544052124
4.76770544052124
4.883991241455078
5.1165618896484375
4.418848991394043
5.1165618896484375
4.011849880218506
4.360706329345703
4.7095627784729
8.198127746582031
3.372279644012451
7.500414848327637
6.104989051818848
4.942133903503418
4.593277454376221
3.8374216556549072
3.2559940814971924
1.2209978103637695
1.1628550291061401
1.1628550291061401
2.441995620727539
3.7792787551879883
4.244421005249023
4.7095627784729
4.476991653442383
4.360706329345703
4.360706329345703
4.360706329345703
4.069992542266846
3.372279644012451
2.965280294418335
3.488564968109131
4.535134792327881
4.069992542266846
3.8374216556549072
3.372279644012451
3.6048505306243896
3.6048505306243896
5.465418815612793
5.75613260269165
5.81427526473999
5.98870325088501
6.453845500946045
4.535134792327881
5.1747050285339355
5.349133014678955
4.883991241455078
4.593277454376221
4.535134792327881
3.6629934310913086
1.1628550291061401
1.1628550291061401
1.5698542594909668
5.523561477661133
5.87241792678833
3.430422306060791
2.441995620727539
2.2094244956970215
2.2094244956970215
2.2094244956970215
2.2094244956970215
5.1165618896484375
5.407275676727295
5.523561477661133
5.290990352630615
5.1747050285339355
5.1165618896484375
5.000276565551758
4.825848579406738
4.360706329345703
3.953707218170166
4.186278343200684
4.7095627784729
4.011849880218506
3.895564317703247
3.7792787551879883
4.302563667297363
4.942133903503418
6.046846389770508
6.860844612121582
7.791128635406494
7.267843723297119
5.98870325088501
4.418848991394043
5.290990352630615
5.6398468017578125
5.465418815612793
4.535134792327881
4.244421005249023
3.6048505306243896
1.8605680465698242
1.8024252653121948
1.8605680465698242
3.953707218170166
5.697989463806152
4.1281352043151855
3.2559940814971924
3.1978514194488525
3.1978514194488525
3.1978514194488525
3.1397085189819336
6.046846389770508
6.279417037963867
7.0934157371521
6.337559700012207
5.93056058883667
2.6745665073394775
5.000276565551758
5.000276565551758
4.942133903503418
4.418848991394043
4.244421005249023
4.6514201164245605
4.535134792327881
3.7792787551879883
4.186278343200684
4.1281352043151855
4.476991653442383
4.6514201164245605
5.1165618896484375
4.942133903503418
4.535134792327881
3.895564317703247
3.7792787551879883
4.6514201164245605
4.244421005249023
3.7211360931396484
3.430422306060791
3.7792787551879883
3.7211360931396484
2.7908520698547363
2.2675673961639404
1.3372832536697388
1.5698542594909668
3.7211360931396484
4.7095627784729
4.302563667297363
4.244421005249023
4.186278343200684
4.476991653442383
0.23257100582122803
0.17442825436592102
3.6048505306243896
5.75613260269165
4.360706329345703
1.8024252653121948
1.8024252653121948
3.488564968109131
5.523561477661133
2.6164238452911377
0.6395702362060547
0.40699926018714905
0.9884268045425415
2.093139171600342
2.2675673961639404
2.848994731903076
3.2559940814971924
3.6629934310913086
2.7327094078063965
2.7908520698547363
1.6279970407485962
0.6977130174636841
0.5814275145530701
0.46514201164245605
0.40699926018714905
0.34885650873184204
0.5232847929000854
0.7558557987213135
0.9884268045425415
1.1047122478485107
1.046569585800171
0.8721412420272827
0.6395702362060547
0.5814275145530701
0.46514201164245605
0.46514201164245605
0.5814275145530701
0.8721412420272827
0.5232847929000854
0.7558557987213135
0.6395702362060547
1.046569585800171
0.8139985203742981
4.186278343200684
3.6048505306243896
2.38385272026062
1.5698542594909668
0.8139985203742981
0.6395702362060547
0.5232847929000854
0.46514201164245605
0.5814275145530701
0.5814275145530701
0.5814275145530701
0.5232847929000854
0.5232847929000854
0.5232847929000854
0.5814275145530701
0.5814275145530701
0.6395702362060547
0.6977130174636841
0.9884268045425415
1.2209978103637695
1.2209978103637695
0.8139985203742981
0.7558557987213135
0.5232847929000854
0.46514201164245605
0.9302840232849121
2.6745665073394775
3.023423194885254
2.965280294418335
2.500138282775879
1.8024252653121948
2.907137632369995
3.488564968109131
4.76770544052124
4.302563667297363
3.372279644012451
2.7908520698547363
4.6514201164245605
3.6048505306243896
2.5582809448242188
1.511711597442627
0.5232847929000854
1.2791404724121094
4.186278343200684
4.535134792327881
3.8374216556549072
2.907137632369995
3.430422306060791
2.7908520698547363
4.476991653442383
3.6048505306243896
3.7211360931396484
2.965280294418335
1.976853609085083
1.046569585800171
3.3141367435455322
5.000276565551758
5.058419227600098
5.1747050285339355
4.244421005249023
3.488564968109131
2.500138282775879
1.4535688161849976
0.46514201164245605
0.40699926018714905
0.7558557987213135
2.3257100582122803
2.500138282775879
2.907137632369995
2.3257100582122803
2.034996271133423
3.0815658569335938
3.1397085189819336
2.441995620727539
4.011849880218506
3.372279644012451
2.6745665073394775
4.825848579406738
3.6629934310913086
2.6164238452911377
1.511711597442627
0.5232847929000854
1.2209978103637695
2.034996271133423
4.593277454376221
3.7211360931396484
2.907137632369995
3.7792787551879883
2.6164238452911377
4.011849880218506
3.6048505306243896
3.7792787551879883
2.965280294418335
1.9187108278274536
0.9884268045425415
0.9884268045425415
4.418848991394043
5.000276565551758
5.93056058883667
4.6514201164245605
3.488564968109131
2.441995620727539
1.4535688161849976
0.46514201164245605
0.29071375727653503
0.6395702362060547
2.093139171600342
2.7908520698547363
2.965280294418335
2.441995620727539
2.441995620727539
3.3141367435455322
2.965280294418335
2.441995620727539
3.8374216556549072
3.2559940814971924
2.5582809448242188
4.6514201164245605
3.430422306060791
2.441995620727539
1.511711597442627
1.511711597442627
2.093139171600342
4.244421005249023
3.7792787551879883
3.372279644012451
2.7327094078063965
4.1281352043151855
3.6048505306243896
4.302563667297363
4.535134792327881
3.953707218170166
2.965280294418335
1.976853609085083
1.046569585800171
1.4535688161849976
3.7211360931396484
5.1747050285339355
5.93056058883667
4.6514201164245605
3.488564968109131
2.500138282775879
1.4535688161849976
0.46514201164245605
0.23257100582122803
0.5814275145530701
3.1397085189819336
2.7327094078063965
2.7908520698547363
2.3257100582122803
2.38385272026062
3.488564968109131
3.0815658569335938
2.6745665073394775
3.430422306060791
3.1978514194488525
2.500138282775879
3.7211360931396484
3.3141367435455322
2.441995620727539
1.5698542594909668
1.6861398220062256
2.6164238452911377
4.302563667297363
3.895564317703247
3.488564968109131
2.907137632369995
3.6629934310913086
3.6048505306243896
3.6048505306243896
4.476991653442383
3.895564317703247
2.907137632369995
1.976853609085083
1.1047122478485107
2.907137632369995
2.7908520698547363
1.976853609085083
5.349133014678955
4.535134792327881
3.430422306060791
2.441995620727539
1.4535688161849976
0.46514201164245605
0.29071375727653503
0.5814275145530701
3.488564968109131
3.372279644012451
3.0815658569335938
2.5582809448242188
2.965280294418335
3.7211360931396484
3.1978514194488525
3.2559940814971924
3.1978514194488525
3.023423194885254
2.3257100582122803
3.8374216556549072
3.430422306060791
2.500138282775879
1.6861398220062256
3.488564968109131
3.372279644012451
3.895564317703247
4.360706329345703
3.8374216556549072
3.430422306060791
3.54670786857605
3.6048505306243896
3.430422306060791
4.593277454376221
4.011849880218506
2.907137632369995
1.9187108278274536
3.488564968109131
3.54670786857605
2.500138282775879
1.4535688161849976
0.5232847929000854
4.360706329345703
3.1978514194488525
2.3257100582122803
1.3954260349273682
0.46514201164245605
0.29071375727653503
0.7558557987213135
3.430422306060791
3.488564968109131
3.0815658569335938
2.907137632369995
3.372279644012451
3.430422306060791
2.965280294418335
3.54670786857605
2.965280294418335
2.38385272026062
2.034996271133423
4.244421005249023
3.488564968109131
2.6745665073394775
1.8024252653121948
2.7327094078063965
3.372279644012451
3.1978514194488525
3.430422306060791
3.8374216556549072
3.488564968109131
3.2559940814971924
3.372279644012451
3.0815658569335938
2.907137632369995
3.895564317703247
2.5582809448242188
2.034996271133423
4.244421005249023
3.430422306060791
2.441995620727539
1.3954260349273682
0.40699926018714905
0.5232847929000854
2.7908520698547363
2.093139171600342
1.3954260349273682
0.46514201164245605
0.40699926018714905
0.6977130174636841
2.5582809448242188
3.1397085189819336
2.7908520698547363
2.1512818336486816
1.9187108278274536
3.0815658569335938
2.5582809448242188
2.441995620727539
2.38385272026062
1.976853609085083
1.7442824840545654
4.1281352043151855
3.2559940814971924
2.5582809448242188
2.7908520698547363
2.5582809448242188
1.6861398220062256
1.2209978103637695
1.7442824840545654
3.2559940814971924
2.848994731903076
2.441995620727539
2.093139171600342
2.2094244956970215
1.976853609085083
1.976853609085083
5.697989463806152
6.1631317138671875
4.476991653442383
3.430422306060791
2.441995620727539
1.4535688161849976
0.40699926018714905
0.46514201164245605
2.500138282775879
1.511711597442627
1.3954260349273682
0.46514201164245605
0.40699926018714905
0.6395702362060547
1.4535688161849976
2.1512818336486816
1.976853609085083
1.6279970407485962
1.1047122478485107
0.6977130174636841
1.6279970407485962
1.6279970407485962
1.3372832536697388
1.5698542594909668
1.1047122478485107
1.8024252653121948
3.2559940814971924
4.069992542266846
3.54670786857605
2.6164238452911377
1.511711597442627
0.6395702362060547
0.9884268045425415
1.1628550291061401
1.1628550291061401
1.511711597442627
1.5698542594909668
2.965280294418335
2.5582809448242188
2.965280294418335
5.232847690582275
5.407275676727295
4.476991653442383
3.430422306060791
2.38385272026062
1.3954260349273682
0.40699926018714905
0.5232847929000854
2.5582809448242188
1.511711597442627
1.3954260349273682
0.46514201164245605
0.46514201164245605
1.1047122478485107
2.2675673961639404
2.2675673961639404
1.2209978103637695
1.046569585800171
1.046569585800171
0.8139985203742981
1.1628550291061401
1.7442824840545654
0.9884268045425415
1.511711597442627
1.046569585800171
0.9884268045425415
4.244421005249023
4.7095627784729
3.6629934310913086
2.500138282775879
1.511711597442627
0.46514201164245605
0.6395702362060547
1.8024252653121948
0.9884268045425415
0.7558557987213135
1.046569585800171
1.7442824840545654
1.6861398220062256
1.2209978103637695
0.9302840232849121
5.407275676727295
4.535134792327881
3.372279644012451
2.38385272026062
1.3954260349273682
0.40699926018714905
0.5232847929000854
2.6164238452911377
1.511711597442627
1.2791404724121094
0.46514201164245605
0.5814275145530701
3.7792787551879883
2.848994731903076
1.7442824840545654
0.8721412420272827
0.5232847929000854
0.9302840232849121
0.9884268045425415
1.4535688161849976
1.511711597442627
0.8139985203742981
1.6279970407485962
0.8721412420272827
0.6977130174636841
3.372279644012451
2.2675673961639404
1.6279970407485962
2.500138282775879
1.3954260349273682
0.5232847929000854
1.976853609085083
1.7442824840545654
0.8139985203742981
0.34885650873184204
0.7558557987213135
1.9187108278274536
1.2791404724121094
0.9302840232849121
5.232847690582275
5.6398468017578125
4.476991653442383
3.372279644012451
2.38385272026062
1.3954260349273682
0.40699926018714905
0.46514201164245605
1.6861398220062256
1.5698542594909668
1.3954260349273682
0.46514201164245605
1.046569585800171
2.848994731903076
2.6745665073394775
1.7442824840545654
0.9302840232849121
0.34885650873184204
0.6977130174636841
0.8139985203742981
1.7442824840545654
1.1628550291061401
0.34885650873184204
1.3372832536697388
0.7558557987213135
3.6629934310913086
2.848994731903076
1.8605680465698242
0.8721412420272827
0.0
0.8721412420272827
4.011849880218506
2.848994731903076
1.8024252653121948
0.8139985203742981
0.11628550291061401
0.29071375727653503
1.511711597442627
0.9302840232849121
0.5232847929000854
4.1281352043151855
5.6398468017578125
4.360706329345703
3.372279644012451
2.38385272026062
1.3954260349273682
0.40699926018714905
0.29071375727653503
2.6745665073394775
2.2094244956970215
1.4535688161849976
0.46514201164245605
2.1512818336486816
1.4535688161849976
2.848994731903076
1.976853609085083
1.046569585800171
0.29071375727653503
0.46514201164245605
0.8139985203742981
1.8024252653121948
1.046569585800171
0.23257100582122803
4.883991241455078
4.244421005249023
3.1978514194488525
2.1512818336486816
1.1628550291061401
0.8139985203742981
-0.05814275145530701
0.34885650873184204
4.7095627784729
3.0815658569335938
1.8024252653121948
0.8139985203742981
0.11628550291061401
0.23257100582122803
0.7558557987213135
0.8721412420272827
0.46514201164245605
2.2675673961639404
6.046846389770508
4.302563667297363
3.3141367435455322
2.38385272026062
1.2791404724121094
0.46514201164245605
0.34885650873184204
3.023423194885254
2.441995620727539
1.4535688161849976
0.46514201164245605
1.1628550291061401
1.3372832536697388
3.023423194885254
2.034996271133423
1.1047122478485107
0.17442825436592102
0.5814275145530701
0.5232847929000854
1.046569585800171
0.9884268045425415
0.17442825436592102
3.023423194885254
4.1281352043151855
3.1397085189819336
2.1512818336486816
1.1628550291061401
0.5232847929000854
0.0
1.9187108278274536
4.76770544052124
2.1512818336486816
1.2209978103637695
0.6977130174636841
0.40699926018714905
0.5232847929000854
0.29071375727653503
0.8139985203742981
1.1628550291061401
0.5814275145530701
6.860844612121582
4.360706329345703
3.0815658569335938
2.093139171600342
1.046569585800171
1.1628550291061401
0.6395702362060547
2.441995620727539
2.38385272026062
1.4535688161849976
0.46514201164245605
0.23257100582122803
2.5582809448242188
2.965280294418335
2.034996271133423
1.046569585800171
0.17442825436592102
0.5814275145530701
0.7558557987213135
1.2209978103637695
1.4535688161849976
0.5814275145530701
4.883991241455078
4.1281352043151855
3.0815658569335938
2.1512818336486816
1.1628550291061401
0.34885650873184204
0.11628550291061401
4.186278343200684
3.3141367435455322
2.1512818336486816
1.1628550291061401
0.17442825436592102
0.6395702362060547
0.6977130174636841
0.23257100582122803
0.8139985203742981
4.186278343200684
8.139985084533691
7.965557098388672
5.058419227600098
3.7792787551879883
3.7211360931396484
3.023423194885254
2.034996271133423
1.046569585800171
0.11628550291061401
0.9302840232849121
1.3954260349273682
0.46514201164245605
1.8024252653121948
4.011849880218506
2.965280294418335
2.034996271133423
1.046569585800171
0.11628550291061401
2.2094244956970215
3.488564968109131
2.3257100582122803
1.2791404724121094
1.2791404724121094
5.75613260269165
4.1281352043151855
3.1397085189819336
2.1512818336486816
1.1628550291061401
0.40699926018714905
0.5814275145530701
4.244421005249023
3.3141367435455322
2.1512818336486816
1.1628550291061401
0.17442825436592102
0.5814275145530701
0.7558557987213135
0.34885650873184204
2.848994731903076
6.918987274169922
7.849271297454834
8.663269996643066
5.93056058883667
5.058419227600098
4.1281352043151855
3.1978514194488525
2.1512818336486816
1.1047122478485107
0.17442825436592102
1.2209978103637695
1.3954260349273682
0.46514201164245605
1.6861398220062256
3.953707218170166
3.023423194885254
2.034996271133423
1.046569585800171
0.0
4.1281352043151855
3.372279644012451
2.2675673961639404
1.2791404724121094
0.29071375727653503
6.6864166259765625
4.418848991394043
3.3141367435455322
2.2094244956970215
1.2791404724121094
0.5814275145530701
5.81427526473999
4.418848991394043
4.186278343200684
2.6164238452911377
1.4535688161849976
0.5814275145530701
0.40699926018714905
0.8721412420272827
0.8139985203742981
4.011849880218506
7.732985973358154
7.791128635406494
8.721412658691406
6.1631317138671875
5.1165618896484375
4.1281352043151855
3.1397085189819336
2.1512818336486816
1.1628550291061401
0.17442825436592102
1.046569585800171
1.2791404724121094
0.46514201164245605
4.302563667297363
3.8374216556549072
3.023423194885254
2.093139171600342
1.1047122478485107
1.1628550291061401
4.418848991394043
3.3141367435455322
2.2675673961639404
1.2791404724121094
0.29071375727653503
0.8139985203742981
1.8024252653121948
1.9187108278274536
2.38385272026062
6.860844612121582
6.453845500946045
6.337559700012207
5.1165618896484375
4.069992542266846
2.907137632369995
1.9187108278274536
1.1047122478485107
0.23257100582122803
0.9884268045425415
1.8605680465698242
3.8374216556549072
8.081842422485352
6.1631317138671875
8.779555320739746
6.337559700012207
5.1747050285339355
4.1281352043151855
3.1397085189819336
2.1512818336486816
1.1628550291061401
0.11628550291061401
0.7558557987213135
1.1628550291061401
0.46514201164245605
3.895564317703247
3.6048505306243896
2.965280294418335
2.093139171600342
1.1047122478485107
5.465418815612793
4.418848991394043
3.372279644012451
2.3257100582122803
1.2791404724121094
0.34885650873184204
1.8024252653121948
0.9302840232849121
2.3257100582122803
1.6279970407485962
8.895840644836426
7.03527307510376
6.279417037963867
5.058419227600098
4.011849880218506
3.023423194885254
2.034996271133423
1.1047122478485107
0.0
0.8139985203742981
1.4535688161849976
3.6629934310913086
6.918987274169922
4.535134792327881
5.93056058883667
5.93056058883667
5.232847690582275
4.186278343200684
3.1978514194488525
2.1512818336486816
1.1628550291061401
0.17442825436592102
0.6395702362060547
1.1628550291061401
0.46514201164245605
3.0815658569335938
3.488564968109131
2.907137632369995
1.976853609085083
0.9884268045425415
5.523561477661133
4.360706329345703
3.3141367435455322
2.2675673961639404
1.2791404724121094
2.7908520698547363
1.8024252653121948
0.8139985203742981
2.2094244956970215
1.976853609085083
8.256270408630371
7.500414848327637
6.104989051818848
5.1165618896484375
4.069992542266846
3.0815658569335938
2.034996271133423
1.046569585800171
0.05814275145530701
0.6977130174636841
0.6395702362060547
2.38385272026062
6.395702838897705
4.476991653442383
3.6048505306243896
6.453845500946045
5.465418815612793
4.244421005249023
3.1978514194488525
2.1512818336486816
1.1628550291061401
0.29071375727653503
1.046569585800171
1.4535688161849976
0.46514201164245605
2.907137632369995
3.6048505306243896
2.6164238452911377
1.5698542594909668
0.6395702362060547
5.93056058883667
4.360706329345703
3.3141367435455322
2.3257100582122803
3.3141367435455322
2.7908520698547363
1.8024252653121948
0.8139985203742981
1.5698542594909668
2.2094244956970215
10.174981117248535
7.500414848327637
6.046846389770508
5.1165618896484375
4.1281352043151855
3.0815658569335938
2.034996271133423
1.046569585800171
0.05814275145530701
0.5814275145530701
0.6977130174636841
2.1512818336486816
1.976853609085083
3.953707218170166
2.965280294418335
2.3257100582122803
3.430422306060791
4.418848991394043
3.2559940814971924
2.1512818336486816
1.3372832536697388
0.9302840232849121
2.034996271133423
1.4535688161849976
0.46514201164245605
0.5814275145530701
3.6629934310913086
2.6164238452911377
1.4535688161849976
0.5814275145530701
1.8605680465698242
6.453845500946045
5.581704139709473
4.76770544052124
3.7792787551879883
2.7908520698547363
1.8024252653121948
0.8139985203742981
0.9302840232849121
3.3141367435455322
7.558557510375977
6.221274375915527
5.98870325088501
5.1747050285339355
4.069992542266846
3.0815658569335938
2.034996271133423
1.046569585800171
0.17442825436592102
0.6395702362060547
2.7327094078063965
2.3257100582122803
2.2094244956970215
2.1512818336486816
2.441995620727539
2.2094244956970215
2.3257100582122803
2.3257100582122803
2.5582809448242188
2.5582809448242188
3.3141367435455322
2.965280294418335
2.2675673961639404
1.4535688161849976
0.46514201164245605
0.5814275145530701
1.2209978103637695
2.2675673961639404
1.511711597442627
1.046569585800171
3.3141367435455322
6.6282734870910645
5.87241792678833
4.942133903503418
3.8374216556549072
2.7908520698547363
1.8024252653121948
0.8721412420272827
1.2791404724121094
1.3954260349273682
4.883991241455078
5.1747050285339355
5.058419227600098
4.76770544052124
3.895564317703247
2.965280294418335
1.8605680465698242
0.9302840232849121
0.29071375727653503
1.6279970407485962
2.907137632369995
3.2559940814971924
2.2675673961639404
2.1512818336486816
2.441995620727539
3.0815658569335938
3.0815658569335938
3.0815658569335938
5.290990352630615
4.011849880218506
3.488564968109131
3.0815658569335938
2.3257100582122803
1.4535688161849976
0.46514201164245605
0.6395702362060547
1.4535688161849976
2.034996271133423
4.1281352043151855
3.6629934310913086
3.6048505306243896
3.953707218170166
6.570130825042725
4.360706329345703
3.895564317703247
2.848994731903076
1.6861398220062256
1.3954260349273682
1.3372832536697388
0.29071375727653503
1.046569585800171
3.953707218170166
4.360706329345703
3.54670786857605
2.3257100582122803
2.6745665073394775
2.034996271133423
1.2791404724121094
1.1047122478485107
1.046569585800171
2.907137632369995
3.3141367435455322
2.907137632369995
2.7327094078063965
3.7792787551879883
3.6048505306243896
4.069992542266846
6.6282734870910645
5.6398468017578125
4.360706329345703
3.372279644012451
2.7327094078063965
2.093139171600342
1.3954260349273682
0.46514201164245605
0.8139985203742981
1.511711597442627
2.5582809448242188
4.418848991394043
3.7792787551879883
3.54670786857605
3.023423194885254
2.7908520698547363
3.430422306060791
3.0815658569335938
2.38385272026062
4.011849880218506
3.6629934310913086
2.5582809448242188
1.511711597442627
0.6977130174636841
3.372279644012451
3.3141367435455322
4.069992542266846
3.488564968109131
2.6164238452911377
1.6861398220062256
0.8139985203742981
1.3954260349273682
1.6861398220062256
2.500138282775879
3.1978514194488525
3.0815658569335938
3.488564968109131
4.069992542266846
3.7792787551879883
5.058419227600098
5.058419227600098
5.6398468017578125
4.418848991394043
3.6048505306243896
2.848994731903076
2.034996271133423
1.3372832536697388
0.40699926018714905
0.34885650873184204
0.29071375727653503
0.5232847929000854
0.46514201164245605
0.5814275145530701
0.5814275145530701
0.5814275145530701
0.6395702362060547
0.7558557987213135
0.7558557987213135
0.5814275145530701
0.40699926018714905
0.40699926018714905
0.6395702362060547
1.1628550291061401
1.3954260349273682
1.3372832536697388
1.3372832536697388
1.3954260349273682
1.511711597442627
1.511711597442627
1.511711597442627
1.5698542594909668
1.511711597442627
1.4535688161849976
1.3372832536697388
1.3954260349273682
1.3954260349273682
1.3954260349273682
1.3372832536697388
0.8721412420272827
0.6395702362060547
0.5232847929000854
0.46514201164245605
0.40699926018714905
0.8721412420272827
1.6861398220062256
1.9187108278274536
1.7442824840545654
1.5698542594909668
3.1978514194488525
3.430422306060791
3.023423194885254
2.6745665073394775
3.6048505306243896
3.8374216556549072
3.7211360931396484
3.7211360931396484
2.907137632369995
2.7908520698547363
3.54670786857605
3.023423194885254
2.907137632369995
2.848994731903076
1.6861398220062256
0.40699926018714905
0.34885650873184204
0.34885650873184204
0.46514201164245605
0.5232847929000854
0.6395702362060547
0.6977130174636841
0.6977130174636841
0.5814275145530701
0.40699926018714905
0.34885650873184204
0.34885650873184204
0.5232847929000854
0.7558557987213135
1.1628550291061401
1.1628550291061401
1.8605680465698242
1.6279970407485962
1.2209978103637695
0.9884268045425415
0.9302840232849121
0.9884268045425415
0.9302840232849121
0.9302840232849121
0.9302840232849121
2.5582809448242188
3.023423194885254
2.907137632369995
3.1397085189819336
4.1281352043151855
3.430422306060791
3.0815658569335938
3.2559940814971924
3.372279644012451
2.907137632369995
3.6048505306243896
3.023423194885254
2.5582809448242188
3.0815658569335938
3.895564317703247
2.093139171600342
1.8024252653121948
1.7442824840545654
1.1047122478485107
2.441995620727539
2.7327094078063965
1.976853609085083
2.1512818336486816
2.6745665073394775
3.7792787551879883
2.965280294418335
3.0815658569335938
3.430422306060791
3.372279644012451
2.7327094078063965
2.2675673961639404
4.942133903503418
5.75613260269165
5.349133014678955
1.9187108278274536
1.7442824840545654
0.7558557987213135
0.6395702362060547
0.6395702362060547
0.5232847929000854
1.8605680465698242
2.3257100582122803
4.6514201164245605
4.883991241455078
5.232847690582275
4.942133903503418
2.2675673961639404
3.488564968109131
3.1397085189819336
3.1397085189819336
2.907137632369995
4.825848579406738
4.942133903503418
4.7095627784729
4.011849880218506
2.5582809448242188
2.500138282775879
3.023423194885254
2.907137632369995
3.54670786857605
3.54670786857605
4.011849880218506
3.1978514194488525
4.593277454376221
4.418848991394043
3.6048505306243896
2.6164238452911377
2.6164238452911377
2.5582809448242188
2.5582809448242188
3.6629934310913086
6.1631317138671875
5.523561477661133
4.942133903503418
4.942133903503418
1.9187108278274536
1.1047122478485107
0.7558557987213135
0.8139985203742981
0.6977130174636841
1.2791404724121094
2.093139171600342
4.476991653442383
5.000276565551758
4.6514201164245605
4.011849880218506
3.7792787551879883
3.488564968109131
2.7327094078063965
2.441995620727539
4.1281352043151855
5.058419227600098
5.75613260269165
5.697989463806152
5.6398468017578125
5.000276565551758
3.6629934310913086
3.6629934310913086
4.476991653442383
4.6514201164245605
3.8374216556549072
4.1281352043151855
5.000276565551758
5.058419227600098
5.000276565551758
4.011849880218506
4.418848991394043
3.0815658569335938
1.8024252653121948
1.8605680465698242
5.290990352630615
6.570130825042725
7.965557098388672
5.93056058883667
4.883991241455078
4.535134792327881
0.9884268045425415
0.9884268045425415
0.7558557987213135
5.98870325088501
1.7442824840545654
3.3141367435455322
4.418848991394043
4.825848579406738
4.244421005249023
3.895564317703247
4.069992542266846
3.7792787551879883
3.2559940814971924
3.430422306060791
3.895564317703247
4.476991653442383
4.942133903503418
5.232847690582275
5.1747050285339355
5.1747050285339355
4.593277454376221
4.302563667297363
3.8374216556549072
3.8374216556549072
3.8374216556549072
4.7095627784729
6.744559288024902
6.570130825042725
5.98870325088501
5.1165618896484375
5.232847690582275
4.186278343200684
2.2675673961639404
2.907137632369995
7.03527307510376
8.721412658691406
8.372556686401367
8.198127746582031
7.558557510375977
5.98870325088501
2.034996271133423
1.7442824840545654
3.0815658569335938
4.7095627784729
4.302563667297363
4.593277454376221
6.511988162994385
6.104989051818848
5.81427526473999
4.1281352043151855
3.6048505306243896
3.54670786857605
3.6048505306243896
3.895564317703247
5.581704139709473
3.895564317703247
4.186278343200684
4.186278343200684
4.476991653442383
4.6514201164245605
4.6514201164245605
3.1397085189819336
2.5582809448242188
2.6745665073394775
3.1397085189819336
4.186278343200684
5.349133014678955
6.104989051818848
6.453845500946045
6.744559288024902
4.883991241455078
4.186278343200684
2.6745665073394775
2.848994731903076
7.0934157371521
6.918987274169922
7.03527307510376
7.0934157371521
7.0934157371521
7.907414436340332
2.2675673961639404
0.7558557987213135
2.093139171600342
3.7211360931396484
5.93056058883667
7.03527307510376
8.023699760437012
6.221274375915527
5.697989463806152
4.942133903503418
2.441995620727539
1.8605680465698242
2.6745665073394775
7.267843723297119
7.6748433113098145
2.441995620727539
2.907137632369995
3.3141367435455322
4.76770544052124
4.418848991394043
4.825848579406738
1.5698542594909668
1.5698542594909668
1.6279970407485962
1.6279970407485962
3.023423194885254
4.76770544052124
4.360706329345703
5.1747050285339355
5.1747050285339355
5.1747050285339355
4.244421005249023
1.7442824840545654
1.9187108278274536
5.87241792678833
5.697989463806152
5.75613260269165
5.81427526473999
5.75613260269165
6.1631317138671875
2.2675673961639404
1.5698542594909668
3.488564968109131
3.488564968109131
5.1165618896484375
5.81427526473999
8.430699348449707
6.977129936218262
3.7211360931396484
5.75613260269165
4.186278343200684
3.8374216556549072
4.418848991394043
5.1165618896484375
5.232847690582275
3.2559940814971924
1.9187108278274536
2.5582809448242188
6.918987274169922
3.6629934310913086
3.7211360931396484
0.5814275145530701
0.5814275145530701
0.5814275145530701
0.8139985203742981
4.302563667297363
5.1165618896484375
4.186278343200684
4.069992542266846
3.953707218170166
3.8374216556549072
2.907137632369995
0.40699926018714905
0.9302840232849121
4.76770544052124
4.76770544052124
4.76770544052124
4.76770544052124
4.76770544052124
4.825848579406738
1.2791404724121094
1.2209978103637695
2.500138282775879
3.895564317703247
4.302563667297363
5.058419227600098
8.430699348449707
9.651697158813477
8.779555320739746
6.570130825042725
3.895564317703247
3.2559940814971924
3.6048505306243896
4.011849880218506
3.953707218170166
2.034996271133423
1.1628550291061401
2.1512818336486816
5.6398468017578125
2.848994731903076
3.1397085189819336
2.38385272026062
0.7558557987213135
0.9884268045425415
3.488564968109131
3.953707218170166
3.953707218170166
3.8374216556549072
2.848994731903076
2.7908520698547363
2.7327094078063965
2.500138282775879
2.1512818336486816
3.2559940814971924
3.7792787551879883
3.7792787551879883
3.7792787551879883
3.7792787551879883
3.7792787551879883
3.953707218170166
2.7327094078063965
0.5232847929000854
3.488564968109131
2.965280294418335
3.2559940814971924
3.8374216556549072
9.012126922607422
10.872694969177246
10.69826602935791
8.430699348449707
4.1281352043151855
2.441995620727539
2.7327094078063965
2.7908520698547363
2.7908520698547363
1.5698542594909668
1.2209978103637695
4.1281352043151855
5.349133014678955
5.465418815612793
2.034996271133423
1.976853609085083
1.6861398220062256
1.7442824840545654
3.0815658569335938
2.965280294418335
2.848994731903076
3.0815658569335938
2.7327094078063965
1.8605680465698242
1.8024252653121948
1.8024252653121948
2.2675673961639404
2.500138282775879
2.6745665073394775
2.7908520698547363
2.7908520698547363
2.7908520698547363
2.848994731903076
2.7908520698547363
2.6745665073394775
2.2094244956970215
3.2559940814971924
2.3257100582122803
2.2094244956970215
2.441995620727539
8.605127334594727
8.605127334594727
8.721412658691406
9.651697158813477
4.6514201164245605
1.8605680465698242
1.7442824840545654
1.8024252653121948
1.8024252653121948
1.5698542594909668
1.3372832536697388
4.244421005249023
4.302563667297363
4.302563667297363
4.069992542266846
1.1628550291061401
0.5814275145530701
1.1628550291061401
2.441995620727539
2.441995620727539
1.9187108278274536
2.1512818336486816
2.2094244956970215
0.9302840232849121
0.8139985203742981
0.8139985203742981
1.3954260349273682
1.5698542594909668
1.6279970407485962
1.7442824840545654
1.7442824840545654
1.8024252653121948
1.8605680465698242
1.9187108278274536
1.8605680465698242
2.1512818336486816
2.38385272026062
1.976853609085083
1.1628550291061401
1.4535688161849976
7.849271297454834
7.6748433113098145
7.616700649261475
7.791128635406494
6.918987274169922
4.883991241455078
0.6395702362060547
0.7558557987213135
0.8139985203742981
0.8139985203742981
3.1397085189819336
3.2559940814971924
3.1978514194488525
3.1978514194488525
3.3141367435455322
2.093139171600342
2.034996271133423
2.3257100582122803
2.034996271133423
2.7908520698547363
1.3372832536697388
1.3954260349273682
1.511711597442627
1.2209978103637695
1.1047122478485107
0.7558557987213135
0.29071375727653503
0.5232847929000854
0.5232847929000854
0.6977130174636841
0.7558557987213135
0.8139985203742981
0.9302840232849121
0.9884268045425415
1.4535688161849976
1.2791404724121094
1.3372832536697388
1.2791404724121094
0.23257100582122803
6.1631317138671875
6.744559288024902
6.570130825042725
6.511988162994385
6.453845500946045
5.523561477661133
4.593277454376221
4.7095627784729
5.290990352630615
1.2209978103637695
1.4535688161849976
2.3257100582122803
2.2094244956970215
2.2094244956970215
2.2094244956970215
2.2094244956970215
2.3257100582122803
2.2675673961639404
2.1512818336486816
1.8024252653121948
1.6861398220062256
1.7442824840545654
0.46514201164245605
0.5814275145530701
0.46514201164245605
0.34885650873184204
0.46514201164245605
1.511711597442627
1.8605680465698242
2.093139171600342
2.5582809448242188
5.000276565551758
5.1165618896484375
5.290990352630615
4.942133903503418
2.6164238452911377
1.5698542594909668
1.2209978103637695
0.5814275145530701
2.7327094078063965
5.581704139709473
5.697989463806152
5.581704139709473
5.6398468017578125
5.6398468017578125
4.6514201164245605
4.6514201164245605
4.76770544052124
4.883991241455078
4.476991653442383
4.418848991394043
1.1628550291061401
1.2209978103637695
1.2209978103637695
1.2209978103637695
1.2209978103637695
1.3372832536697388
1.3372832536697388
1.1628550291061401
0.8721412420272827
0.6977130174636841
0.6977130174636841
0.40699926018714905
0.40699926018714905
0.7558557987213135
2.034996271133423
1.9187108278274536
1.8024252653121948
1.8605680465698242
2.500138282775879
3.953707218170166
4.302563667297363
4.302563667297363
4.360706329345703
4.360706329345703
4.418848991394043
2.5582809448242188
0.9302840232849121
0.7558557987213135
4.302563667297363
4.476991653442383
4.6514201164245605
4.593277454376221
4.6514201164245605
4.535134792327881
3.7792787551879883
3.7792787551879883
3.8374216556549072
3.8374216556549072
3.895564317703247
4.1281352043151855
1.1628550291061401
0.29071375727653503
0.29071375727653503
0.29071375727653503
0.40699926018714905
6.337559700012207
6.570130825042725
6.744559288024902
2.034996271133423
1.3372832536697388
0.9302840232849121
0.5814275145530701
0.9884268045425415
2.2675673961639404
1.8605680465698242
2.034996271133423
2.441995620727539
2.7327094078063965
3.023423194885254
3.2559940814971924
3.372279644012451
3.3141367435455322
3.3141367435455322
3.372279644012451
3.430422306060791
2.5582809448242188
0.6395702362060547
0.34885650873184204
3.6048505306243896
3.488564968109131
3.6048505306243896
3.6048505306243896
3.54670786857605
3.3141367435455322
2.907137632369995
2.907137632369995
2.907137632369995
2.907137632369995
2.907137632369995
3.7211360931396484
1.3954260349273682
1.6279970407485962
2.441995620727539
2.7327094078063965
5.232847690582275
5.6398468017578125
5.697989463806152
5.6398468017578125
5.407275676727295
2.1512818336486816
2.3257100582122803
2.2094244956970215
3.0815658569335938
2.2675673961639404
1.6279970407485962
1.8024252653121948
1.976853609085083
2.2675673961639404
2.38385272026062
2.3257100582122803
2.3257100582122803
2.3257100582122803
2.2675673961639404
2.2675673961639404
2.3257100582122803
2.034996271133423
1.4535688161849976
0.8721412420272827
2.441995620727539
2.441995620727539
2.5582809448242188
2.5582809448242188
2.5582809448242188
2.3257100582122803
1.8605680465698242
1.8605680465698242
1.8605680465698242
1.8605680465698242
1.8024252653121948
3.7211360931396484
3.0815658569335938
1.9187108278274536
2.2094244956970215
2.441995620727539
4.7095627784729
4.76770544052124
4.7095627784729
4.7095627784729
4.76770544052124
4.7095627784729
2.965280294418335
1.3372832536697388
3.023423194885254
1.8024252653121948
1.1047122478485107
1.046569585800171
0.9302840232849121
1.2791404724121094
1.2791404724121094
1.3372832536697388
1.3372832536697388
1.2791404724121094
1.2791404724121094
1.2791404724121094
1.2209978103637695
0.9302840232849121
0.9884268045425415
1.1047122478485107
1.8024252653121948
1.511711597442627
1.5698542594909668
1.6279970407485962
1.5698542594909668
1.2791404724121094
0.8721412420272827
0.8721412420272827
0.8721412420272827
0.8721412420272827
2.848994731903076
2.7908520698547363
2.848994731903076
1.2791404724121094
1.3372832536697388
1.5698542594909668
3.8374216556549072
3.7792787551879883
3.7792787551879883
3.7792787551879883
3.8374216556549072
3.7792787551879883
3.54670786857605
2.965280294418335
1.7442824840545654
1.046569585800171
1.8024252653121948
1.5698542594909668
0.6395702362060547
0.34885650873184204
0.23257100582122803
0.29071375727653503
0.29071375727653503
0.23257100582122803
0.17442825436592102
0.17442825436592102
0.11628550291061401
0.40699926018714905
5.581704139709473
3.3141367435455322
2.2094244956970215
0.46514201164245605
0.5814275145530701
0.5814275145530701
0.5232847929000854
0.40699926018714905
0.11628550291061401
0.05814275145530701
0.05814275145530701
1.9187108278274536
1.8024252653121948
1.8024252653121948
1.8605680465698242
1.976853609085083
0.6395702362060547
1.8024252653121948
2.7327094078063965
2.7908520698547363
2.7908520698547363
2.848994731903076
2.848994731903076
2.7908520698547363
2.6745665073394775
2.441995620727539
1.6279970407485962
1.8024252653121948
4.011849880218506
3.54670786857605
1.8024252653121948
0.9884268045425415
0.8721412420272827
0.7558557987213135
0.9302840232849121
1.3954260349273682
1.1047122478485107
0.7558557987213135
0.5232847929000854
3.1397085189819336
4.302563667297363
4.244421005249023
2.6164238452911377
2.441995620727539
0.9884268045425415
0.46514201164245605
0.5232847929000854
0.5232847929000854
0.7558557987213135
0.6395702362060547
0.7558557987213135
0.8721412420272827
0.8139985203742981
0.8139985203742981
0.8721412420272827
0.9302840232849121
1.2791404724121094
1.511711597442627
1.6861398220062256
1.8024252653121948
1.8024252653121948
1.8024252653121948
1.8024252653121948
1.8024252653121948
1.6279970407485962
1.511711597442627
2.1512818336486816
2.907137632369995
2.965280294418335
2.965280294418335
2.7908520698547363
2.6745665073394775
2.093139171600342
1.1047122478485107
0.9302840232849121
1.4535688161849976
2.6164238452911377
3.023423194885254
3.1978514194488525
3.1397085189819336
3.3141367435455322
3.3141367435455322
2.2094244956970215
1.9187108278274536
1.3954260349273682
0.8721412420272827
0.7558557987213135
1.3954260349273682
1.6861398220062256
1.3954260349273682
1.2791404724121094
0.40699926018714905
0.11628550291061401
0.11628550291061401
0.11628550291061401
0.8139985203742981
1.1628550291061401
0.6395702362060547
0.8139985203742981
0.8139985203742981
0.8139985203742981
0.8139985203742981
0.8721412420272827
0.7558557987213135
0.6395702362060547
0.5814275145530701
2.2094244956970215
2.38385272026062
2.3257100582122803
2.38385272026062
2.38385272026062
2.3257100582122803
2.38385272026062
2.3257100582122803
2.3257100582122803
2.38385272026062
2.441995620727539
2.441995620727539
2.38385272026062
2.38385272026062
2.38385272026062
2.3257100582122803
1.3954260349273682
1.3372832536697388
1.3372832536697388
1.3954260349273682
1.3954260349273682
1.3954260349273682
1.3954260349273682
1.3954260349273682
1.3954260349273682
0.9884268045425415
1.046569585800171
0.8721412420272827
0.8139985203742981
0.46514201164245605
0.40699926018714905
0.7558557987213135
0.9302840232849121
0.5814275145530701
0.05814275145530701
0.0
0.34885650873184204
1.2791404724121094
1.3954260349273682
1.2209978103637695
1.2791404724121094
1.4535688161849976
1.4535688161849976
1.4535688161849976
1.4535688161849976
1.4535688161849976
1.4535688161849976
1.4535688161849976
1.4535688161849976
1.4535688161849976
1.4535688161849976
1.4535688161849976
1.4535688161849976
1.4535688161849976
1.4535688161849976
1.4535688161849976
0.46514201164245605
0.40699926018714905
0.46514201164245605
0.46514201164245605
0.46514201164245605
0.46514201164245605
0.46514201164245605
0.46514201164245605
0.46514201164245605
0.46514201164245605
0.46514201164245605
0.46514201164245605
0.40699926018714905
0.40699926018714905
0.46514201164245605
0.34885650873184204
0.46514201164245605
0.40699926018714905
0.40699926018714905
0.40699926018714905
0.46514201164245605
0.46514201164245605
0.46514201164245605
0.40699926018714905
0.46514201164245605
0.46514201164245605
0.46514201164245605
0.46514201164245605
0.46514201164245605
0.5232847929000854
0.46514201164245605
0.5232847929000854
0.5232847929000854
0.5232847929000854
0.5232847929000854
0.46514201164245605
0.46514201164245605
0.46514201164245605
0.46514201164245605
0.46514201164245605